t # 0
v 0 CREATE
v 1 CREATE
e 0 1 A@UF

Support: 247
where: [0, 1, 4, 6, 7, 8, 10, 11, 12, 14, 16, 17, 21, 22, 23, 24, 25, 31, 32, 33, 34, 36, 37, 40, 41, 44, 45, 47, 49, 52, 53, 58, 59, 60, 63, 64, 65, 66, 67, 71, 73, 77, 78, 79, 80, 81, 82, 83, 84, 85, 87, 88, 92, 94, 95, 97, 100, 101, 104, 105, 107, 108, 111, 112, 114, 115, 116, 117, 118, 119, 120, 121, 122, 123, 124, 126, 129, 130, 131, 132, 134, 135, 138, 139, 140, 141, 142, 143, 144, 146, 150, 151, 152, 153, 154, 155, 156, 157, 158, 162, 165, 166, 167, 169, 170, 172, 179, 181, 182, 183, 185, 190, 192, 193, 194, 197, 198, 199, 201, 202, 204, 205, 206, 207, 208, 209, 210, 215, 216, 217, 218, 219, 220, 221, 222, 223, 224, 225, 226, 232, 233, 234, 235, 245, 246, 247, 248, 250, 251, 253, 254, 257, 260, 261, 262, 264, 265, 266, 271, 277, 278, 279, 281, 282, 283, 285, 286, 287, 288, 289, 290, 292, 295, 296, 299, 303, 304, 305, 309, 310, 313, 314, 317, 318, 319, 320, 321, 322, 326, 327, 328, 329, 330, 331, 332, 333, 334, 337, 338, 342, 343, 344, 345, 346, 347, 349, 350, 351, 353, 354, 355, 356, 357, 358, 363, 365, 366, 367, 368, 376, 379, 383, 385, 387, 390, 391, 394, 396, 398, 401, 407, 411, 412, 413, 414, 416, 420, 423, 424, 425, 427, 430, 432, 434, 437, 438, 439]

t # 1
v 0 LOCAL_VARIABLE
v 1 PARAMETER
e 0 1 A@UF

Support: 236
where: [0, 1, 4, 6, 8, 11, 12, 13, 14, 16, 17, 22, 23, 24, 29, 31, 33, 34, 41, 43, 44, 45, 46, 48, 49, 50, 53, 54, 55, 59, 63, 64, 65, 66, 68, 69, 70, 71, 72, 73, 75, 81, 82, 83, 84, 85, 86, 87, 90, 91, 95, 98, 100, 101, 102, 104, 107, 108, 113, 120, 122, 128, 129, 130, 134, 135, 136, 137, 140, 141, 142, 143, 144, 145, 146, 148, 151, 154, 155, 157, 158, 159, 161, 162, 163, 164, 165, 166, 169, 172, 173, 174, 175, 177, 178, 179, 180, 181, 182, 183, 188, 192, 193, 194, 198, 199, 200, 201, 202, 204, 205, 207, 208, 209, 210, 211, 213, 214, 217, 222, 225, 226, 228, 229, 232, 236, 237, 242, 244, 246, 247, 248, 249, 251, 255, 256, 257, 259, 260, 261, 262, 263, 264, 265, 266, 267, 269, 271, 272, 275, 277, 278, 280, 283, 285, 288, 289, 291, 292, 293, 296, 297, 299, 300, 302, 303, 304, 305, 308, 313, 314, 315, 316, 317, 318, 321, 322, 323, 324, 334, 336, 337, 338, 339, 340, 341, 342, 343, 345, 350, 353, 354, 363, 364, 365, 366, 368, 369, 370, 371, 372, 373, 374, 375, 376, 377, 378, 379, 381, 382, 383, 387, 388, 389, 390, 393, 394, 398, 399, 400, 401, 416, 419, 420, 422, 423, 424, 427, 429, 430, 432, 433, 434, 435, 437, 438]

t # 2
v 0 LOCAL_VARIABLE
v 1 LOCAL_VARIABLE
e 0 1 A@UF

Support: 230
where: [0, 6, 7, 11, 12, 13, 14, 16, 17, 21, 22, 23, 31, 32, 33, 34, 37, 39, 40, 44, 45, 48, 49, 50, 52, 53, 55, 56, 59, 63, 64, 65, 66, 71, 73, 75, 77, 78, 79, 81, 84, 85, 86, 87, 89, 90, 91, 92, 93, 94, 95, 96, 97, 98, 99, 100, 101, 102, 103, 104, 106, 107, 108, 109, 118, 119, 120, 122, 128, 129, 130, 133, 137, 140, 141, 142, 144, 145, 148, 149, 150, 151, 152, 154, 155, 156, 157, 158, 161, 162, 163, 164, 165, 166, 171, 173, 177, 179, 181, 182, 188, 190, 191, 192, 193, 194, 195, 198, 199, 200, 201, 202, 203, 204, 207, 208, 210, 211, 217, 225, 227, 228, 229, 232, 236, 237, 242, 246, 247, 251, 253, 254, 256, 257, 260, 261, 262, 263, 264, 265, 266, 270, 273, 274, 275, 277, 278, 281, 285, 286, 288, 289, 291, 292, 293, 299, 300, 302, 303, 305, 313, 314, 315, 317, 318, 321, 322, 326, 328, 329, 330, 332, 334, 336, 337, 338, 340, 341, 342, 343, 344, 345, 346, 347, 349, 350, 353, 354, 363, 365, 366, 368, 369, 370, 371, 373, 374, 375, 376, 378, 379, 380, 381, 383, 385, 387, 394, 396, 398, 399, 400, 401, 402, 411, 412, 414, 418, 420, 423, 424, 425, 427, 428, 429, 430, 433, 434, 435, 438, 439]

t # 3
v 0 CREATE
v 1 LOCAL_VARIABLE
e 0 1 A@UF

Support: 221
where: [6, 7, 10, 11, 12, 14, 16, 17, 20, 21, 22, 24, 25, 26, 27, 30, 31, 32, 33, 36, 37, 44, 45, 48, 49, 50, 52, 53, 55, 58, 59, 63, 64, 65, 66, 70, 71, 73, 75, 77, 78, 79, 81, 82, 83, 84, 85, 86, 87, 88, 89, 90, 92, 93, 94, 95, 97, 100, 101, 103, 104, 105, 106, 108, 109, 117, 118, 119, 120, 122, 128, 129, 130, 132, 137, 140, 141, 142, 144, 145, 146, 148, 149, 150, 151, 152, 154, 155, 156, 157, 158, 159, 162, 163, 165, 166, 170, 171, 172, 190, 191, 192, 193, 194, 195, 198, 199, 201, 202, 204, 207, 208, 209, 211, 232, 236, 237, 242, 246, 247, 251, 252, 253, 254, 256, 257, 259, 260, 261, 262, 263, 264, 265, 266, 267, 271, 273, 274, 275, 277, 278, 279, 282, 283, 285, 286, 289, 291, 292, 299, 300, 302, 303, 307, 313, 314, 317, 318, 319, 321, 322, 323, 326, 328, 329, 330, 331, 332, 334, 336, 337, 338, 340, 341, 342, 343, 345, 346, 347, 349, 350, 353, 357, 358, 363, 365, 366, 367, 368, 369, 370, 371, 373, 374, 375, 376, 379, 383, 385, 387, 390, 391, 394, 398, 401, 403, 405, 406, 411, 414, 418, 420, 423, 424, 425, 430, 432, 433, 434, 435, 438]

t # 4
v 0 CREATE
v 1 PARAMETER
e 0 1 A@UF

Support: 165
where: [1, 6, 8, 12, 16, 17, 21, 24, 25, 29, 31, 33, 42, 43, 45, 46, 48, 49, 50, 53, 59, 63, 64, 65, 66, 68, 71, 72, 73, 77, 78, 81, 82, 85, 86, 87, 90, 91, 95, 100, 101, 120, 121, 122, 127, 128, 129, 131, 133, 134, 135, 136, 140, 141, 142, 145, 151, 155, 158, 162, 170, 172, 177, 178, 179, 180, 181, 183, 193, 198, 199, 201, 202, 204, 207, 214, 216, 217, 222, 223, 225, 226, 228, 232, 236, 240, 242, 246, 247, 255, 256, 257, 260, 261, 262, 264, 266, 269, 271, 272, 277, 278, 286, 288, 289, 291, 295, 296, 297, 298, 299, 300, 302, 303, 313, 314, 316, 317, 318, 319, 321, 322, 327, 330, 334, 336, 337, 341, 342, 343, 345, 350, 353, 357, 363, 364, 365, 366, 369, 370, 371, 372, 375, 376, 381, 387, 389, 394, 396, 398, 400, 401, 412, 416, 422, 423, 424, 426, 432, 433, 434, 435, 437, 438, 439]

t # 5
v 0 PARAMETER
v 1 PARAMETER
e 0 1 A@UF

Support: 157
where: [5, 6, 7, 8, 12, 16, 17, 21, 28, 33, 34, 41, 42, 43, 46, 48, 49, 50, 54, 59, 61, 63, 65, 66, 69, 70, 71, 73, 78, 86, 87, 91, 95, 100, 101, 102, 107, 108, 110, 113, 123, 125, 126, 127, 128, 129, 130, 134, 136, 140, 141, 143, 144, 145, 150, 151, 154, 157, 158, 161, 162, 163, 166, 168, 173, 178, 179, 182, 184, 187, 190, 192, 193, 194, 198, 200, 204, 207, 209, 210, 213, 215, 216, 222, 225, 228, 230, 234, 236, 239, 241, 242, 243, 244, 245, 246, 247, 248, 255, 256, 261, 277, 278, 280, 284, 288, 289, 293, 294, 295, 296, 298, 299, 302, 303, 304, 305, 307, 312, 313, 317, 318, 321, 322, 333, 334, 336, 337, 339, 345, 347, 357, 364, 369, 371, 372, 386, 389, 390, 391, 397, 398, 400, 401, 415, 417, 422, 423, 424, 426, 427, 432, 434, 435, 436, 437, 438]

t # 6
v 0 LOCAL_VARIABLE
v 1 MEMBER_VARIABLE
e 0 1 A@UF

Support: 153
where: [11, 12, 16, 17, 33, 34, 41, 43, 44, 45, 48, 49, 50, 53, 55, 59, 62, 63, 65, 66, 67, 71, 72, 73, 75, 81, 82, 85, 87, 89, 90, 93, 94, 95, 98, 99, 103, 120, 122, 128, 129, 130, 135, 137, 140, 141, 142, 143, 144, 147, 149, 151, 154, 157, 158, 162, 163, 166, 172, 175, 179, 181, 182, 186, 192, 193, 194, 198, 199, 200, 201, 202, 208, 213, 225, 226, 228, 232, 242, 246, 247, 253, 254, 260, 261, 262, 263, 264, 265, 266, 271, 277, 278, 280, 286, 288, 289, 292, 296, 299, 300, 302, 303, 304, 305, 307, 313, 314, 315, 316, 317, 318, 319, 321, 322, 326, 329, 332, 334, 336, 337, 338, 339, 340, 341, 342, 343, 345, 347, 349, 350, 352, 353, 357, 363, 365, 366, 368, 369, 370, 371, 373, 378, 399, 400, 402, 405, 416, 418, 420, 423, 425, 435]

t # 7
v 0 CALL
v 1 CALL
e 0 1 A@UF

Support: 136
where: [2, 6, 7, 12, 14, 16, 17, 22, 23, 27, 33, 39, 41, 42, 46, 50, 59, 64, 65, 66, 68, 71, 73, 77, 78, 79, 84, 86, 92, 94, 95, 96, 97, 100, 101, 108, 120, 122, 126, 129, 130, 132, 138, 139, 140, 141, 143, 144, 145, 148, 150, 151, 152, 154, 157, 158, 161, 162, 163, 165, 168, 173, 179, 182, 189, 192, 194, 198, 200, 201, 202, 204, 207, 208, 210, 216, 225, 228, 243, 246, 247, 249, 250, 257, 261, 264, 265, 266, 270, 271, 272, 274, 275, 277, 278, 283, 284, 285, 290, 293, 313, 315, 316, 317, 318, 323, 330, 332, 334, 337, 341, 343, 344, 347, 348, 349, 351, 354, 358, 372, 373, 376, 379, 382, 383, 384, 387, 391, 396, 398, 404, 409, 423, 432, 434, 437]

t # 8
v 0 LOCAL_VARIABLE
v 1 RETURN
e 0 1 A@UF

Support: 124
where: [6, 7, 19, 20, 21, 22, 26, 27, 33, 34, 46, 50, 59, 63, 65, 66, 71, 73, 74, 75, 76, 81, 82, 84, 85, 86, 98, 99, 102, 104, 106, 107, 117, 119, 122, 128, 131, 133, 140, 143, 149, 154, 157, 158, 161, 163, 166, 171, 191, 192, 194, 195, 198, 199, 200, 201, 202, 203, 208, 209, 211, 223, 225, 226, 227, 228, 229, 232, 251, 260, 261, 262, 264, 265, 266, 267, 270, 271, 277, 278, 285, 286, 288, 289, 292, 293, 295, 296, 299, 302, 303, 304, 314, 315, 321, 322, 323, 329, 336, 337, 338, 340, 341, 342, 343, 344, 345, 346, 354, 360, 362, 363, 365, 368, 371, 394, 398, 412, 416, 419, 420, 423, 430, 432]

t # 9
v 0 MEMBER_VARIABLE
v 1 PARAMETER
e 0 1 A@UF

Support: 102
where: [5, 6, 7, 12, 16, 17, 21, 28, 33, 34, 43, 45, 46, 48, 49, 50, 63, 65, 66, 71, 72, 73, 81, 85, 86, 87, 98, 127, 128, 130, 140, 141, 142, 143, 144, 154, 157, 158, 162, 163, 175, 179, 182, 187, 190, 192, 193, 194, 199, 200, 225, 230, 241, 242, 245, 246, 247, 248, 261, 264, 271, 280, 288, 289, 296, 297, 299, 301, 302, 303, 304, 305, 312, 313, 314, 317, 319, 321, 322, 329, 333, 334, 335, 336, 337, 339, 343, 350, 357, 364, 365, 369, 370, 371, 372, 378, 389, 398, 400, 401, 435, 438]

t # 10
v 0 CREATE
v 1 MEMBER_VARIABLE
e 0 1 A@UF

Support: 84
where: [7, 12, 16, 17, 33, 43, 45, 49, 53, 59, 63, 65, 66, 81, 82, 85, 87, 90, 93, 94, 95, 120, 128, 129, 135, 140, 141, 142, 143, 154, 157, 158, 162, 172, 193, 194, 198, 199, 200, 201, 202, 232, 246, 252, 253, 254, 260, 261, 262, 264, 265, 266, 271, 289, 299, 300, 303, 313, 314, 316, 317, 318, 319, 321, 322, 326, 328, 334, 337, 342, 343, 345, 347, 349, 350, 353, 357, 363, 365, 366, 371, 394, 425, 435]

t # 11
v 0 ACCESS
v 1 ACCESS
e 0 1 A@UF

Support: 83
where: [22, 34, 38, 49, 57, 59, 64, 67, 71, 73, 75, 79, 82, 84, 85, 87, 91, 94, 95, 97, 101, 108, 121, 131, 135, 141, 153, 163, 183, 185, 198, 199, 221, 225, 226, 228, 233, 234, 237, 238, 242, 246, 247, 257, 261, 271, 272, 276, 286, 289, 292, 293, 295, 296, 304, 314, 317, 318, 323, 326, 328, 330, 332, 333, 334, 337, 341, 353, 375, 376, 384, 386, 389, 396, 397, 398, 400, 401, 412, 416, 421, 432, 439]

t # 12
v 0 CALL
v 1 LOCAL_VARIABLE
e 0 1 A@UF

Support: 82
where: [12, 16, 17, 22, 23, 27, 30, 34, 36, 50, 63, 64, 65, 66, 68, 71, 73, 77, 84, 92, 94, 95, 97, 108, 120, 122, 129, 140, 149, 161, 162, 165, 179, 182, 186, 198, 204, 207, 210, 228, 246, 247, 249, 257, 260, 261, 264, 265, 266, 271, 272, 277, 278, 283, 285, 293, 302, 313, 315, 317, 318, 330, 334, 337, 341, 345, 347, 349, 354, 372, 376, 379, 382, 383, 384, 396, 398, 423, 427, 430, 432, 434]

t # 13
v 0 PARAMETER
v 1 RETURN
e 0 1 A@UF

Support: 71
where: [128, 5, 261, 7, 389, 140, 400, 402, 21, 277, 278, 153, 154, 284, 157, 158, 286, 288, 33, 34, 161, 162, 163, 289, 293, 295, 169, 296, 299, 415, 46, 302, 303, 304, 50, 416, 417, 432, 438, 312, 63, 64, 65, 66, 192, 194, 196, 198, 71, 200, 73, 322, 75, 334, 336, 81, 337, 211, 225, 98, 226, 102, 107, 364, 240, 371, 245, 246, 247, 248, 251]

t # 14
v 0 CALL
v 1 PARAMETER
e 0 1 A@UF

Support: 69
where: [384, 129, 382, 261, 6, 7, 264, 265, 266, 389, 140, 391, 393, 271, 144, 272, 398, 22, 23, 154, 283, 157, 158, 285, 415, 33, 34, 161, 162, 165, 293, 427, 432, 50, 179, 182, 313, 59, 315, 317, 318, 64, 65, 66, 194, 68, 198, 200, 77, 334, 337, 210, 341, 86, 87, 95, 354, 228, 108, 243, 372, 246, 247, 376, 249, 122, 379, 126, 383]

t # 15
v 0 CALL
v 1 CALL
e 0 1 A@CF

Support: 57
where: [130, 387, 261, 391, 264, 9, 140, 268, 396, 143, 16, 17, 18, 271, 148, 22, 23, 150, 151, 153, 283, 284, 33, 34, 35, 165, 293, 423, 41, 42, 431, 182, 57, 313, 189, 317, 63, 192, 71, 204, 77, 337, 82, 85, 341, 87, 216, 348, 95, 351, 225, 359, 246, 247, 122, 251, 126]

t # 16
v 0 RETURN
v 1 RETURN
e 0 1 A@UF

Support: 56
where: [7, 140, 398, 143, 144, 400, 146, 401, 154, 284, 157, 158, 286, 287, 288, 289, 163, 412, 293, 413, 295, 296, 417, 421, 422, 423, 47, 304, 49, 50, 51, 305, 439, 312, 190, 63, 192, 65, 66, 322, 198, 199, 200, 201, 209, 211, 223, 226, 99, 107, 235, 113, 371, 246, 247, 380]

t # 17
v 0 CALL
v 1 CREATE
e 0 1 A@UF

Support: 51
where: [389, 7, 264, 265, 266, 12, 140, 398, 143, 271, 149, 22, 151, 158, 33, 423, 432, 50, 179, 434, 317, 318, 63, 64, 65, 68, 198, 71, 73, 330, 204, 77, 334, 207, 337, 84, 341, 347, 92, 349, 94, 95, 97, 376, 365, 246, 247, 120, 122, 379, 383]

t # 18
v 0 CREATE
v 1 RETURN
e 0 1 A@UF

Support: 48
where: [7, 140, 19, 21, 22, 277, 278, 154, 283, 412, 157, 158, 285, 413, 33, 162, 163, 289, 416, 423, 305, 50, 59, 63, 192, 65, 194, 198, 328, 201, 202, 334, 208, 81, 82, 209, 211, 85, 86, 337, 338, 342, 235, 363, 113, 371, 120, 122]

t # 19
v 0 MEMBER_VARIABLE
v 1 MEMBER_VARIABLE
e 0 1 A@UF

Support: 44
where: [128, 12, 140, 398, 143, 16, 17, 144, 400, 21, 154, 157, 158, 289, 34, 163, 425, 45, 175, 49, 305, 182, 312, 313, 314, 317, 63, 192, 193, 194, 321, 322, 71, 199, 73, 200, 328, 81, 337, 350, 352, 99, 357, 365]

t # 20
v 0 CALL
v 1 CALL
e 0 1 AE@CF

Support: 40
where: [2, 3, 4, 261, 134, 264, 9, 265, 266, 268, 141, 271, 19, 150, 23, 283, 413, 160, 34, 423, 42, 172, 430, 182, 313, 189, 317, 318, 194, 322, 333, 337, 351, 225, 98, 228, 231, 369, 373, 126]

t # 21
v 0 MEMBER_VARIABLE
v 1 RETURN
e 0 1 A@UF

Support: 33
where: [128, 7, 140, 154, 157, 158, 413, 288, 289, 34, 163, 423, 296, 46, 312, 63, 192, 321, 66, 194, 322, 71, 200, 73, 328, 75, 337, 343, 226, 99, 107, 365, 371]

t # 22
v 0 CALL
v 1 CALL
e 0 1 E@CF

Support: 31
where: [2, 387, 4, 134, 140, 271, 16, 17, 23, 24, 153, 34, 164, 42, 437, 313, 63, 66, 332, 82, 222, 225, 353, 358, 369, 242, 373, 246, 247, 122, 251]

t # 23
v 0 ACCESS
v 1 PARAMETER
e 0 1 A@UF

Support: 30
where: [384, 257, 386, 261, 271, 289, 162, 292, 293, 295, 296, 427, 438, 314, 59, 318, 198, 71, 72, 73, 199, 75, 341, 95, 225, 101, 108, 246, 247, 121]

t # 24
v 0 EXTENDS
v 1 EXTENDS
e 0 1 A@CF

Support: 29
where: [258, 131, 260, 7, 12, 140, 143, 273, 410, 27, 412, 286, 416, 289, 35, 295, 296, 42, 304, 307, 317, 341, 348, 223, 226, 228, 359, 110, 373]

t # 25
v 0 ACCESS
v 1 LOCAL_VARIABLE
e 0 1 A@UF

Support: 29
where: [384, 257, 386, 260, 262, 264, 141, 289, 162, 292, 293, 427, 430, 439, 314, 59, 318, 198, 71, 199, 73, 75, 334, 341, 91, 95, 225, 108, 247]

t # 26
v 0 CALL
v 1 LOCAL_VARIABLE
e 0 1 A@CF

Support: 25
where: [130, 264, 9, 271, 22, 33, 34, 293, 423, 430, 313, 317, 318, 63, 65, 66, 322, 82, 85, 341, 225, 99, 246, 247, 122]

t # 27
v 0 IMPLEMENTS
v 1 LOCAL_VARIABLE
e 0 1 A@UF

Support: 25
where: [154, 155, 157, 158, 163, 427, 179, 59, 63, 192, 65, 66, 200, 201, 202, 209, 84, 95, 100, 102, 104, 361, 107, 249, 251]

t # 28
v 0 IMPLEMENTS
v 1 PARAMETER
e 0 1 A@UF

Support: 24
where: [128, 5, 389, 7, 146, 402, 154, 157, 158, 163, 427, 63, 65, 66, 71, 337, 210, 84, 102, 231, 361, 107, 113, 245]

t # 29
v 0 CALL
v 1 MEMBER_VARIABLE
e 0 1 A@UF

Support: 24
where: [261, 6, 7, 140, 143, 271, 149, 154, 157, 158, 33, 34, 162, 179, 182, 315, 192, 198, 334, 228, 372, 246, 247, 122]

t # 30
v 0 CALL
v 1 CREATE
e 0 1 A@CF

Support: 24
where: [389, 9, 271, 22, 151, 288, 33, 423, 307, 63, 192, 65, 66, 322, 198, 71, 72, 199, 80, 82, 85, 246, 247, 122]

t # 31
v 0 CALL
v 1 EXTENDS
e 0 1 A@CF

Support: 22
where: [2, 387, 260, 395, 12, 140, 268, 143, 18, 150, 283, 35, 41, 42, 307, 317, 341, 348, 225, 108, 373, 126]

t # 32
v 0 ACCESS
v 1 ACCESS
e 0 1 A@CF

Support: 20
where: [260, 8, 264, 393, 268, 271, 161, 293, 43, 49, 437, 313, 63, 192, 71, 328, 333, 334, 221, 375]

t # 33
v 0 CALL
v 1 RETURN
e 0 1 A@UF

Support: 19
where: [261, 264, 265, 266, 398, 271, 149, 22, 162, 432, 50, 63, 65, 334, 84, 341, 354, 228, 122]

t # 34
v 0 IMPLEMENTS
v 1 RETURN
e 0 1 A@UF

Support: 17
where: [65, 66, 163, 5, 7, 200, 201, 47, 209, 146, 147, 245, 157, 154, 61, 158, 63]

t # 35
v 0 CALL
v 1 PARAMETER
e 0 1 A@CF

Support: 17
where: [34, 66, 322, 293, 71, 264, 391, 333, 271, 80, 337, 82, 307, 85, 182, 153, 63]

t # 36
v 0 ACCESS
v 1 CALL
e 0 1 A@CF

Support: 16
where: [161, 293, 6, 72, 264, 265, 266, 268, 333, 334, 271, 307, 341, 246, 247, 317]

t # 37
v 0 CALL
v 1 EXTENDS
e 0 1 E@CF

Support: 15
where: [228, 198, 199, 359, 42, 12, 108, 140, 15, 271, 148, 150, 24, 413, 63]

t # 38
v 0 ACCESS
v 1 CALL
e 0 1 AE@CF

Support: 14
where: [322, 260, 264, 9, 42, 265, 266, 268, 329, 271, 333, 375, 313, 221]

t # 39
v 0 CALL
v 1 CALL
e 0 1 AE@UF

Support: 14
where: [320, 194, 322, 261, 430, 15, 22, 311, 408, 313, 314, 412, 62, 351]

t # 40
v 0 CALL
v 1 EXTENDS
e 0 1 AE@CF

Support: 14
where: [288, 225, 387, 231, 42, 268, 369, 413, 373, 150, 407, 283, 317, 126]

t # 41
v 0 IMPLEMENTS
v 1 IMPLEMENTS
e 0 1 A@UF

Support: 13
where: [192, 163, 100, 7, 200, 201, 42, 209, 146, 154, 284, 157, 158]

t # 42
v 0 CALL
v 1 RETURN
e 0 1 A@CF

Support: 13
where: [65, 34, 66, 99, 423, 264, 271, 82, 307, 85, 153, 122, 63]

t # 43
v 0 ACCESS
v 1 CALL
e 0 1 A@UF

Support: 13
where: [318, 225, 257, 384, 293, 71, 427, 108, 334, 271, 247, 317, 126]

t # 44
v 0 EXTENDS
v 1 RETURN
e 0 1 A@CF

Support: 13
where: [416, 289, 226, 131, 295, 296, 272, 304, 307, 439, 412, 286, 223]

t # 45
v 0 CALL
v 1 IMPLEMENTS
e 0 1 A@UF

Support: 12
where: [389, 166, 231, 42, 330, 427, 141, 78, 210, 376, 249, 284]

t # 46
v 0 ACCESS
v 1 CALL
e 0 1 E@CF

Support: 12
where: [192, 164, 71, 264, 42, 268, 333, 437, 375, 313, 221, 63]

t # 47
v 0 CREATE
v 1 EXTENDS
e 0 1 AE@CF

Support: 11
where: [416, 289, 41, 304, 276, 407, 24, 153, 28, 317, 412]

t # 48
v 0 ACCESS
v 1 LOCAL_VARIABLE
e 0 1 A@CF

Support: 11
where: [161, 322, 36, 260, 293, 264, 43, 334, 246, 247, 94]

t # 49
v 0 EXTENDS
v 1 PARAMETER
e 0 1 AE@UF

Support: 11
where: [416, 226, 131, 135, 295, 296, 432, 87, 412, 286, 223]

t # 50
v 0 IMPLEMENTS
v 1 MEMBER_VARIABLE
e 0 1 A@UF

Support: 10
where: [128, 66, 163, 5, 7, 337, 245, 154, 157, 158]

t # 51
v 0 CREATE
v 1 CREATE
e 0 1 A@CF

Support: 10
where: [66, 71, 9, 41, 80, 307, 276, 154, 59, 157]

t # 52
v 0 CALL
v 1 CREATE
e 0 1 AE@CF

Support: 10
where: [66, 194, 9, 333, 337, 87, 24, 317, 318, 63]

t # 53
v 0 ACCESS
v 1 EXTENDS
e 0 1 A@CF

Support: 9
where: [260, 27, 108, 333, 307, 341, 59, 317, 63]

t # 54
v 0 EXTENDS
v 1 LOCAL_VARIABLE
e 0 1 A@UF

Support: 9
where: [65, 66, 130, 107, 398, 179, 182, 91, 28]

t # 55
v 0 CALL
v 1 MEMBER_VARIABLE
e 0 1 A@CF

Support: 9
where: [34, 99, 322, 71, 264, 271, 337, 82, 85]

t # 56
v 0 EXTENDS
v 1 EXTENDS
e 0 1 A@UF

Support: 9
where: [96, 65, 163, 323, 392, 398, 376, 57, 91]

t # 57
v 0 ACCESS
v 1 MEMBER_VARIABLE
e 0 1 A@UF

Support: 9
where: [289, 292, 199, 73, 329, 75, 334, 271, 314]

t # 58
v 0 CALL
v 1 IMPLEMENTS
e 0 1 A@CF

Support: 8
where: [3, 423, 301, 146, 306, 373, 57, 63]

t # 59
v 0 ACCESS
v 1 LOCAL_VARIABLE
e 0 1 AE@CF

Support: 8
where: [260, 6, 264, 265, 266, 271, 313, 221]

t # 60
v 0 EXTENDS
v 1 PARAMETER
e 0 1 A@UF

Support: 8
where: [130, 7, 200, 107, 146, 179, 182, 251]

t # 61
v 0 EXTENDS
v 1 PARAMETER
e 0 1 AE@CF

Support: 8
where: [288, 225, 226, 289, 439, 12, 407, 223]

t # 62
v 0 ACCESS
v 1 PARAMETER
e 0 1 A@CF

Support: 8
where: [161, 322, 260, 293, 264, 328, 43, 333]

t # 63
v 0 CREATE
v 1 MEMBER_VARIABLE
e 0 1 AE@UF

Support: 8
where: [66, 329, 81, 243, 245, 87, 90, 63]

t # 64
v 0 CALL
v 1 LOCAL_VARIABLE
e 0 1 AE@CF

Support: 7
where: [225, 194, 423, 264, 9, 317, 221]

t # 65
v 0 ACCESS
v 1 CREATE
e 0 1 A@CF

Support: 7
where: [322, 43, 307, 246, 247, 28, 223]

t # 66
v 0 LOCAL_VARIABLE
v 1 LOCAL_VARIABLE
e 0 1 A@CF

Support: 7
where: [33, 66, 130, 36, 225, 423, 216]

t # 67
v 0 ACCESS
v 1 EXTENDS
e 0 1 AE@CF

Support: 7
where: [260, 262, 42, 395, 268, 407, 223]

t # 68
v 0 ACCESS
v 1 MEMBER_VARIABLE
e 0 1 A@CF

Support: 7
where: [322, 260, 264, 43, 334, 400, 94]

t # 69
v 0 CALL
v 1 MEMBER_VARIABLE
e 0 1 AE@CF

Support: 7
where: [194, 423, 329, 141, 221, 94, 63]

t # 70
v 0 CALL
v 1 IMPLEMENTS
e 0 1 E@CF

Support: 7
where: [66, 134, 359, 423, 251, 413, 63]

t # 71
v 0 CALL
v 1 EXTENDS
e 0 1 A@UF

Support: 7
where: [96, 65, 437, 182, 152, 251, 94]

t # 72
v 0 ACCESS
v 1 RETURN
e 0 1 A@UF

Support: 7
where: [289, 292, 73, 75, 271, 246, 314]

t # 73
v 0 EXTENDS
v 1 LOCAL_VARIABLE
e 0 1 AE@CF

Support: 6
where: [225, 289, 6, 12, 407, 317]

t # 74
v 0 EXTENDS
v 1 PARAMETER
e 0 1 A@CF

Support: 6
where: [108, 12, 333, 307, 59, 286]

t # 75
v 0 ACCESS
v 1 EXTENDS
e 0 1 A@UF

Support: 6
where: [323, 163, 108, 376, 57, 91]

t # 76
v 0 IMPLEMENTS
v 1 RETURN
e 0 1 A@CF

Support: 6
where: [328, 398, 401, 215, 190, 63]

t # 77
v 0 CALL
v 1 CREATE
e 0 1 E@CF

Support: 6
where: [66, 71, 423, 333, 337, 63]

t # 78
v 0 CALL
v 1 RETURN
e 0 1 AE@CF

Support: 6
where: [225, 329, 172, 337, 221, 63]

t # 79
v 0 ACCESS
v 1 CREATE
e 0 1 A@UF

Support: 6
where: [225, 162, 71, 341, 247, 121]

t # 80
v 0 CALL
v 1 LOCAL_VARIABLE
e 0 1 E@CF

Support: 6
where: [96, 225, 164, 146, 216, 94]

t # 81
v 0 CREATE
v 1 LOCAL_VARIABLE
e 0 1 A@CF

Support: 5
where: [33, 66, 423, 9, 80]

t # 82
v 0 CALL
v 1 MEMBER_VARIABLE
e 0 1 E@CF

Support: 5
where: [326, 332, 24, 94, 63]

t # 83
v 0 IMPLEMENTS
v 1 LOCAL_VARIABLE
e 0 1 A@CF

Support: 5
where: [66, 215, 27, 94, 63]

t # 84
v 0 EXTENDS
v 1 RETURN
e 0 1 A@UF

Support: 5
where: [65, 66, 422, 199, 49]

t # 85
v 0 IMPLEMENTS
v 1 MEMBER_VARIABLE
e 0 1 A@CF

Support: 5
where: [423, 328, 215, 94, 63]

t # 86
v 0 CREATE
v 1 MEMBER_VARIABLE
e 0 1 AE@CF

Support: 5
where: [329, 337, 87, 221, 63]

t # 87
v 0 CREATE
v 1 IMPLEMENTS
e 0 1 E@CF

Support: 5
where: [128, 66, 435, 190, 63]

t # 88
v 0 EXTENDS
v 1 LOCAL_VARIABLE
e 0 1 A@CF

Support: 5
where: [225, 258, 260, 341, 412]

t # 89
v 0 CALL
v 1 IMPLEMENTS
e 0 1 AE@CF

Support: 4
where: [176, 2, 134, 146]

t # 90
v 0 IMPLEMENTS
v 1 IMPLEMENTS
e 0 1 A@CF

Support: 4
where: [146, 21, 413, 359]

t # 91
v 0 ACCESS
v 1 CREATE
e 0 1 AE@CF

Support: 4
where: [329, 313, 28, 221]

t # 92
v 0 CALL
v 1 PARAMETER
e 0 1 AE@CF

Support: 4
where: [194, 34, 333, 430]

t # 93
v 0 PARAMETER
v 1 PARAMETER
e 0 1 A@CF

Support: 4
where: [80, 34, 333, 71]

t # 94
v 0 IMPLEMENTS
v 1 PARAMETER
e 0 1 A@CF

Support: 4
where: [66, 215, 301, 63]

t # 95
v 0 MEMBER_VARIABLE
v 1 PARAMETER
e 0 1 AE@UF

Support: 4
where: [329, 212, 87, 63]

t # 96
v 0 ACCESS
v 1 CREATE
e 0 1 E@CF

Support: 4
where: [333, 221, 71, 63]

t # 97
v 0 CREATE
v 1 PARAMETER
e 0 1 A@CF

Support: 4
where: [80, 81, 307, 71]

t # 98
v 0 LOCAL_VARIABLE
v 1 PARAMETER
e 0 1 A@CF

Support: 4
where: [80, 81, 216, 215]

t # 99
v 0 PARAMETER
v 1 RETURN
e 0 1 AE@CF

Support: 4
where: [329, 81, 221, 337]

t # 100
v 0 IMPLEMENTS
v 1 RETURN
e 0 1 AE@CF

Support: 4
where: [401, 146, 398, 215]

t # 101
v 0 ACCESS
v 1 EXTENDS
e 0 1 E@CF

Support: 4
where: [422, 260, 268, 262]

t # 102
v 0 EXTENDS
v 1 RETURN
e 0 1 AE@CF

Support: 4
where: [416, 289, 276, 412]

t # 103
v 0 ACCESS
v 1 MEMBER_VARIABLE
e 0 1 AE@CF

Support: 3
where: [329, 221, 6]

t # 104
v 0 EXTENDS
v 1 LOCAL_VARIABLE
e 0 1 AE@UF

Support: 3
where: [16, 34, 286]

t # 105
v 0 CREATE
v 1 IMPLEMENTS
e 0 1 AE@CF

Support: 3
where: [201, 21, 63]

t # 106
v 0 CALL
v 1 PARAMETER
e 0 1 E@CF

Support: 3
where: [24, 34, 71]

t # 107
v 0 EXTENDS
v 1 IMPLEMENTS
e 0 1 AE@CF

Support: 3
where: [176, 27, 228]

t # 108
v 0 CREATE
v 1 EXTENDS
e 0 1 A@CF

Support: 3
where: [273, 307, 28]

t # 109
v 0 CALL
v 1 MEMBER_VARIABLE
e 0 1 AE@UF

Support: 3
where: [337, 194, 63]

t # 110
v 0 LOCAL_VARIABLE
v 1 RETURN
e 0 1 A@CF

Support: 3
where: [66, 94, 215]

t # 111
v 0 CREATE
v 1 RETURN
e 0 1 A@CF

Support: 3
where: [66, 307, 276]

t # 112
v 0 CREATE
v 1 PARAMETER
e 0 1 AE@CF

Support: 3
where: [337, 81, 71]

t # 113
v 0 LOCAL_VARIABLE
v 1 PARAMETER
e 0 1 AE@CF

Support: 3
where: [81, 221, 71]

t # 114
v 0 ACCESS
v 1 ACCESS
e 0 1 E@CF

Support: 3
where: [264, 313, 71]

t # 115
v 0 ACCESS
v 1 RETURN
e 0 1 E@CF

Support: 3
where: [328, 221, 71]

t # 116
v 0 MEMBER_VARIABLE
v 1 MEMBER_VARIABLE
e 0 1 A@CF

Support: 3
where: [328, 94, 423]

t # 117
v 0 LOCAL_VARIABLE
v 1 MEMBER_VARIABLE
e 0 1 A@CF

Support: 3
where: [423, 94, 215]

t # 118
v 0 CALL
v 1 PARAMETER
e 0 1 AE@UF

Support: 3
where: [337, 194, 301]

t # 119
v 0 ACCESS
v 1 PARAMETER
e 0 1 AE@CF

Support: 3
where: [329, 212, 221]

t # 120
v 0 IMPLEMENTS
v 1 RETURN
e 0 1 E@CF

Support: 3
where: [401, 398, 215]

t # 121
v 0 MEMBER_VARIABLE
v 1 RETURN
e 0 1 AE@CF

Support: 3
where: [337, 329, 221]

t # 122
v 0 ACCESS
v 1 RETURN
e 0 1 AE@CF

Support: 3
where: [401, 221, 398]

t # 123
v 0 CREATE
v 1 RETURN
e 0 1 AE@CF

Support: 3
where: [304, 329, 221]

t # 124
v 0 CALL
v 1 CALL
e 0 1 E@UF

Support: 3
where: [225, 246, 247]

t # 125
v 0 ACCESS
v 1 RETURN
e 0 1 A@CF

Support: 3
where: [264, 307, 260]

t # 126
v 0 ACCESS
v 1 ACCESS
e 0 1 AE@CF

Support: 3
where: [313, 268, 437]

t # 127
v 0 EXTENDS
v 1 MEMBER_VARIABLE
e 0 1 E@CF

Support: 2
where: [24, 11]

t # 128
v 0 IMPLEMENTS
v 1 LOCAL_VARIABLE
e 0 1 AE@CF

Support: 2
where: [146, 21]

t # 129
v 0 CALL
v 1 LOCAL_VARIABLE
e 0 1 AE@UF

Support: 2
where: [194, 22]

t # 130
v 0 CALL
v 1 CREATE
e 0 1 AE@UF

Support: 2
where: [194, 22]

t # 131
v 0 CREATE
v 1 EXTENDS
e 0 1 AE@UF

Support: 2
where: [34, 87]

t # 132
v 0 CREATE
v 1 EXTENDS
e 0 1 E@CF

Support: 2
where: [41, 63]

t # 133
v 0 CREATE
v 1 IMPLEMENTS
e 0 1 A@UF

Support: 2
where: [59, 95]

t # 134
v 0 LOCAL_VARIABLE
v 1 MEMBER_VARIABLE
e 0 1 AE@UF

Support: 2
where: [81, 63]

t # 135
v 0 MEMBER_VARIABLE
v 1 MEMBER_VARIABLE
e 0 1 E@CF

Support: 2
where: [328, 63]

t # 136
v 0 MEMBER_VARIABLE
v 1 RETURN
e 0 1 AE@UF

Support: 2
where: [81, 63]

t # 137
v 0 MEMBER_VARIABLE
v 1 MEMBER_VARIABLE
e 0 1 E@UF

Support: 2
where: [328, 63]

t # 138
v 0 EXTENDS
v 1 IMPLEMENTS
e 0 1 E@CF

Support: 2
where: [107, 63]

t # 139
v 0 CREATE
v 1 EXTENDS
e 0 1 A@UF

Support: 2
where: [65, 66]

t # 140
v 0 EXTENDS
v 1 MEMBER_VARIABLE
e 0 1 A@UF

Support: 2
where: [66, 179]

t # 141
v 0 CREATE
v 1 MEMBER_VARIABLE
e 0 1 A@CF

Support: 2
where: [423, 71]

t # 142
v 0 ACCESS
v 1 PARAMETER
e 0 1 E@CF

Support: 2
where: [221, 71]

t # 143
v 0 CALL
v 1 RETURN
e 0 1 E@CF

Support: 2
where: [337, 71]

t # 144
v 0 MEMBER_VARIABLE
v 1 RETURN
e 0 1 A@CF

Support: 2
where: [328, 94]

t # 145
v 0 EXTENDS
v 1 IMPLEMENTS
e 0 1 A@CF

Support: 2
where: [176, 359]

t # 146
v 0 PARAMETER
v 1 PARAMETER
e 0 1 AE@CF

Support: 2
where: [212, 301]

t # 147
v 0 LOCAL_VARIABLE
v 1 RETURN
e 0 1 AE@CF

Support: 2
where: [225, 221]

t # 148
v 0 MEMBER_VARIABLE
v 1 PARAMETER
e 0 1 AE@CF

Support: 2
where: [329, 221]

t # 149
v 0 MEMBER_VARIABLE
v 1 MEMBER_VARIABLE
e 0 1 AE@CF

Support: 2
where: [329, 221]

t # 150
v 0 ACCESS
v 1 MEMBER_VARIABLE
e 0 1 E@CF

Support: 2
where: [328, 221]

t # 151
v 0 MEMBER_VARIABLE
v 1 MEMBER_VARIABLE
e 0 1 AE@UF

Support: 2
where: [329, 325]

t # 152
v 0 ACCESS
v 1 IMPLEMENTS
e 0 1 AE@CF

Support: 2
where: [401, 398]

t # -1