t # 0
v 0 LOCAL_VARIABLE
v 1 PARAMETER
e 0 1 A@UF

Support: 338
where: [0, 1, 2, 3, 6, 7, 8, 9, 10, 11, 13, 14, 16, 17, 18, 20, 24, 26, 27, 28, 31, 38, 39, 40, 42, 43, 44, 45, 46, 47, 49, 50, 51, 52, 53, 54, 56, 59, 61, 66, 67, 68, 70, 71, 72, 73, 74, 75, 76, 77, 78, 79, 80, 81, 82, 84, 85, 86, 88, 89, 90, 91, 94, 95, 96, 97, 98, 99, 100, 101, 102, 106, 107, 108, 109, 112, 113, 114, 116, 117, 118, 119, 120, 121, 126, 127, 129, 131, 132, 133, 134, 136, 137, 139, 140, 141, 142, 143, 144, 145, 146, 147, 148, 149, 150, 152, 153, 154, 155, 156, 157, 158, 161, 163, 164, 165, 168, 169, 170, 171, 172, 173, 174, 175, 176, 177, 178, 179, 180, 181, 182, 184, 185, 186, 187, 188, 190, 191, 192, 193, 194, 195, 196, 197, 200, 201, 204, 205, 206, 208, 209, 210, 216, 217, 218, 221, 223, 225, 226, 227, 228, 229, 230, 231, 233, 234, 235, 236, 237, 238, 240, 241, 243, 244, 245, 246, 248, 250, 251, 254, 255, 256, 257, 258, 261, 262, 263, 264, 269, 271, 272, 273, 274, 278, 279, 281, 285, 286, 287, 288, 289, 290, 291, 293, 298, 300, 301, 302, 303, 304, 305, 306, 307, 308, 313, 314, 315, 316, 317, 321, 322, 324, 325, 327, 328, 329, 331, 332, 333, 335, 336, 338, 339, 346, 348, 351, 352, 353, 358, 360, 361, 363, 365, 366, 367, 370, 372, 374, 375, 376, 377, 378, 379, 380, 383, 384, 386, 387, 389, 390, 391, 392, 393, 394, 395, 398, 399, 400, 401, 402, 403, 407, 410, 411, 412, 413, 415, 418, 420, 421, 422, 424, 425, 431, 432, 433, 435, 437, 438, 439, 440, 441, 442, 449, 452, 453, 455, 457, 458, 459, 460, 461, 463, 464, 465, 467, 468, 469, 471, 473, 481, 482, 483, 484, 486, 487, 489, 490, 492, 493, 495, 496, 497, 499, 500, 501, 502, 503, 504, 505, 507, 508, 509, 510, 511, 512, 513, 514]

t # 1
v 0 PARAMETER
v 1 PARAMETER
e 0 1 A@UF

Support: 307
where: [0, 1, 2, 3, 8, 9, 10, 13, 14, 18, 20, 23, 24, 25, 26, 28, 29, 31, 34, 38, 39, 40, 42, 43, 44, 45, 47, 49, 50, 51, 52, 61, 67, 68, 71, 72, 73, 75, 76, 77, 78, 79, 81, 82, 85, 86, 88, 89, 90, 91, 94, 96, 97, 100, 101, 102, 104, 105, 106, 109, 111, 112, 113, 114, 116, 117, 119, 121, 124, 125, 126, 127, 129, 131, 132, 133, 134, 136, 137, 138, 139, 140, 141, 142, 144, 145, 146, 147, 148, 149, 150, 152, 153, 154, 155, 156, 157, 158, 161, 162, 164, 165, 168, 169, 170, 171, 172, 173, 174, 175, 176, 177, 178, 179, 180, 181, 182, 184, 185, 186, 187, 188, 190, 191, 192, 193, 194, 196, 197, 198, 201, 202, 203, 204, 206, 214, 216, 217, 218, 219, 221, 223, 225, 227, 228, 229, 230, 231, 233, 234, 235, 236, 239, 240, 241, 243, 244, 245, 246, 247, 248, 250, 251, 252, 255, 256, 257, 258, 259, 261, 263, 266, 269, 274, 275, 277, 278, 279, 280, 281, 283, 284, 285, 286, 288, 291, 292, 293, 300, 301, 302, 303, 304, 305, 306, 307, 308, 311, 315, 317, 318, 320, 322, 324, 325, 327, 328, 329, 330, 331, 332, 333, 335, 336, 338, 339, 341, 350, 352, 353, 355, 359, 360, 361, 364, 366, 367, 370, 371, 374, 376, 377, 380, 383, 384, 385, 390, 391, 392, 396, 398, 399, 400, 401, 402, 403, 404, 405, 407, 409, 410, 411, 412, 413, 415, 421, 422, 435, 437, 438, 440, 441, 444, 445, 447, 449, 452, 453, 460, 461, 462, 463, 464, 465, 467, 468, 469, 471, 472, 474, 476, 477, 478, 479, 481, 482, 483, 484, 487, 489, 490, 492, 493, 494, 495, 496, 497, 499, 500, 501, 502, 503, 504, 508, 509, 511, 514]

t # 2
v 0 LOCAL_VARIABLE
v 1 LOCAL_VARIABLE
e 0 1 A@UF

Support: 270
where: [0, 513, 3, 6, 7, 8, 9, 11, 13, 14, 18, 20, 24, 25, 27, 30, 31, 32, 33, 34, 35, 36, 38, 40, 42, 43, 44, 45, 46, 48, 49, 52, 53, 56, 61, 63, 67, 68, 70, 71, 72, 73, 74, 75, 78, 79, 81, 82, 83, 84, 86, 88, 89, 90, 91, 96, 99, 104, 108, 114, 116, 119, 120, 121, 122, 123, 126, 127, 130, 132, 137, 139, 141, 143, 144, 145, 146, 147, 149, 150, 152, 153, 155, 156, 157, 161, 163, 165, 169, 170, 171, 172, 173, 174, 175, 176, 177, 178, 181, 183, 184, 186, 187, 188, 190, 191, 192, 193, 194, 195, 196, 197, 200, 204, 206, 207, 208, 209, 210, 216, 217, 218, 221, 223, 225, 226, 228, 229, 230, 233, 234, 235, 237, 238, 240, 242, 243, 245, 246, 250, 253, 254, 255, 256, 257, 259, 261, 262, 263, 264, 271, 272, 273, 274, 278, 279, 284, 285, 286, 288, 289, 290, 296, 297, 300, 302, 305, 308, 310, 313, 315, 316, 317, 325, 327, 328, 329, 331, 333, 336, 339, 343, 347, 352, 355, 358, 360, 361, 362, 365, 366, 367, 370, 374, 375, 377, 378, 379, 380, 383, 384, 386, 387, 388, 389, 391, 392, 393, 394, 395, 398, 399, 407, 410, 411, 413, 415, 417, 418, 422, 424, 425, 428, 431, 432, 433, 437, 438, 439, 440, 441, 442, 446, 449, 452, 453, 455, 456, 457, 458, 461, 463, 464, 465, 466, 467, 470, 471, 473, 480, 487, 488, 490, 491, 492, 493, 494, 495, 496, 497, 498, 499, 500, 501, 502, 504, 505, 508, 509, 511]

t # 3
v 0 PARAMETER
v 1 RETURN
e 0 1 A@UF

Support: 256
where: [0, 3, 6, 8, 10, 13, 14, 16, 17, 18, 20, 21, 23, 28, 31, 38, 39, 40, 41, 42, 43, 44, 45, 47, 49, 51, 52, 61, 65, 67, 68, 70, 71, 72, 73, 74, 75, 76, 77, 78, 79, 81, 82, 86, 87, 88, 89, 90, 91, 96, 97, 99, 100, 101, 106, 107, 108, 109, 110, 113, 114, 115, 116, 117, 118, 119, 121, 124, 131, 132, 133, 134, 136, 138, 139, 141, 142, 144, 145, 147, 148, 149, 150, 151, 152, 153, 154, 155, 156, 157, 158, 159, 161, 163, 164, 165, 166, 170, 171, 172, 173, 174, 175, 176, 177, 178, 179, 181, 182, 184, 185, 186, 187, 188, 190, 191, 192, 193, 194, 196, 200, 201, 203, 204, 206, 216, 217, 218, 219, 220, 221, 223, 224, 225, 227, 228, 229, 230, 231, 232, 233, 234, 236, 239, 240, 243, 245, 246, 247, 248, 249, 255, 257, 261, 262, 263, 270, 278, 280, 285, 286, 288, 289, 290, 291, 293, 300, 301, 302, 303, 304, 305, 306, 308, 314, 315, 316, 317, 319, 320, 321, 322, 324, 325, 327, 329, 330, 331, 332, 333, 335, 336, 338, 339, 341, 350, 360, 361, 365, 366, 370, 371, 374, 375, 376, 377, 380, 390, 396, 398, 399, 400, 401, 402, 403, 407, 409, 410, 411, 413, 418, 421, 422, 431, 435, 440, 448, 449, 452, 453, 461, 462, 463, 464, 465, 467, 468, 469, 471, 474, 481, 487, 490, 492, 493, 495, 496, 499, 500, 501, 502, 503, 504, 507, 509, 511]

t # 4
v 0 LOCAL_VARIABLE
v 1 RETURN
e 0 1 A@UF

Support: 238
where: [0, 2, 3, 6, 7, 8, 10, 13, 14, 16, 18, 20, 21, 25, 31, 35, 36, 38, 40, 41, 42, 43, 44, 45, 46, 47, 49, 53, 54, 56, 67, 68, 70, 71, 72, 73, 74, 75, 76, 77, 78, 79, 80, 81, 82, 84, 86, 88, 89, 90, 91, 95, 104, 107, 108, 109, 114, 116, 117, 119, 120, 121, 126, 127, 132, 133, 134, 136, 137, 140, 141, 142, 143, 145, 147, 148, 149, 150, 152, 153, 154, 155, 157, 158, 161, 163, 165, 170, 172, 173, 174, 175, 176, 177, 178, 179, 182, 183, 184, 186, 187, 188, 190, 191, 192, 193, 194, 195, 196, 200, 204, 206, 207, 208, 210, 212, 216, 218, 220, 221, 222, 223, 224, 225, 226, 227, 229, 230, 231, 234, 235, 236, 237, 238, 240, 242, 243, 245, 246, 248, 249, 250, 254, 255, 257, 261, 262, 263, 274, 278, 285, 286, 288, 289, 290, 298, 299, 300, 301, 305, 308, 313, 315, 316, 317, 319, 325, 326, 327, 329, 331, 333, 336, 339, 343, 358, 360, 361, 365, 366, 370, 374, 375, 376, 377, 378, 379, 380, 386, 387, 388, 389, 391, 395, 398, 399, 402, 410, 413, 418, 420, 422, 424, 425, 428, 431, 432, 433, 437, 444, 449, 452, 453, 464, 465, 467, 468, 470, 471, 486, 487, 488, 490, 491, 492, 495, 496, 497, 499, 500, 501, 502, 503, 505, 507, 508, 509, 511]

t # 5
v 0 CALL
v 1 CALL
e 0 1 A@UF

Support: 229
where: [0, 1, 2, 3, 6, 8, 11, 13, 14, 18, 19, 20, 25, 28, 30, 31, 32, 33, 34, 40, 42, 43, 45, 46, 49, 52, 61, 65, 68, 73, 74, 75, 78, 79, 81, 82, 85, 88, 89, 90, 92, 93, 97, 99, 104, 109, 111, 112, 113, 114, 115, 116, 119, 120, 125, 126, 127, 129, 132, 133, 134, 135, 137, 138, 143, 144, 145, 148, 149, 156, 157, 159, 160, 161, 163, 165, 170, 171, 172, 173, 174, 175, 176, 177, 178, 179, 181, 182, 184, 187, 193, 201, 203, 204, 207, 209, 210, 211, 216, 217, 218, 220, 223, 228, 229, 230, 231, 234, 235, 240, 243, 245, 246, 250, 256, 258, 259, 261, 263, 264, 266, 267, 268, 269, 272, 273, 274, 276, 277, 283, 284, 285, 286, 288, 296, 297, 298, 300, 302, 303, 304, 305, 308, 311, 312, 315, 316, 317, 319, 323, 325, 327, 329, 331, 334, 335, 349, 351, 352, 355, 358, 360, 361, 365, 366, 367, 368, 370, 372, 373, 375, 377, 380, 383, 384, 385, 386, 387, 388, 389, 390, 391, 397, 398, 399, 402, 403, 406, 407, 408, 410, 413, 415, 418, 421, 422, 424, 425, 428, 429, 431, 432, 434, 436, 437, 446, 451, 455, 456, 458, 461, 464, 469, 470, 471, 476, 477, 479, 480, 481, 485, 486, 488, 491, 494, 497, 499, 500, 502]

t # 6
v 0 MEMBER_VARIABLE
v 1 PARAMETER
e 0 1 A@UF

Support: 204
where: [0, 1, 2, 6, 18, 20, 34, 38, 40, 44, 45, 46, 49, 51, 59, 61, 67, 72, 73, 75, 76, 77, 78, 79, 81, 82, 85, 86, 88, 89, 90, 91, 99, 104, 105, 106, 109, 114, 116, 126, 127, 131, 132, 133, 134, 137, 138, 140, 141, 145, 146, 147, 148, 149, 150, 151, 152, 153, 154, 155, 156, 158, 161, 164, 165, 167, 170, 171, 172, 173, 174, 175, 176, 177, 178, 179, 180, 181, 185, 187, 188, 190, 192, 193, 194, 196, 197, 198, 199, 201, 203, 214, 216, 217, 218, 219, 221, 223, 225, 227, 228, 229, 230, 231, 234, 235, 239, 240, 241, 243, 245, 246, 247, 248, 251, 255, 256, 258, 260, 261, 263, 264, 265, 271, 274, 278, 279, 280, 281, 285, 286, 288, 300, 301, 302, 303, 304, 305, 306, 308, 309, 322, 324, 325, 327, 329, 331, 332, 333, 335, 336, 340, 341, 352, 360, 361, 365, 366, 370, 371, 377, 383, 398, 399, 400, 401, 402, 403, 405, 407, 409, 410, 411, 412, 413, 415, 418, 421, 422, 435, 437, 438, 440, 441, 443, 460, 461, 468, 469, 471, 472, 487, 489, 490, 492, 493, 495, 496, 499, 500, 501, 502, 503, 504]

t # 7
v 0 LOCAL_VARIABLE
v 1 MEMBER_VARIABLE
e 0 1 A@UF

Support: 192
where: [0, 512, 2, 3, 6, 7, 16, 18, 20, 27, 38, 40, 45, 49, 60, 61, 63, 67, 68, 70, 72, 73, 75, 78, 79, 81, 82, 84, 85, 86, 88, 89, 90, 91, 95, 96, 98, 106, 114, 116, 120, 123, 124, 126, 127, 132, 133, 134, 137, 140, 141, 142, 143, 146, 147, 148, 150, 151, 152, 153, 154, 157, 161, 163, 165, 167, 169, 170, 172, 173, 174, 175, 176, 177, 178, 181, 183, 184, 185, 187, 188, 190, 192, 193, 194, 196, 197, 199, 200, 208, 209, 210, 216, 218, 221, 223, 225, 227, 228, 229, 230, 231, 232, 234, 235, 237, 238, 240, 243, 245, 246, 248, 253, 255, 257, 260, 261, 262, 263, 264, 265, 267, 271, 272, 278, 279, 285, 286, 288, 298, 300, 301, 302, 305, 308, 325, 327, 329, 331, 333, 336, 358, 360, 361, 363, 365, 366, 370, 371, 375, 377, 383, 384, 391, 393, 394, 395, 398, 399, 402, 407, 410, 411, 413, 414, 418, 420, 422, 424, 425, 437, 438, 439, 440, 441, 442, 443, 463, 466, 468, 471, 489, 490, 492, 493, 495, 496, 499, 500, 501, 502, 503]

t # 8
v 0 RETURN
v 1 RETURN
e 0 1 A@UF

Support: 145
where: [2, 3, 6, 10, 13, 14, 16, 19, 21, 25, 29, 36, 38, 39, 40, 44, 55, 67, 68, 70, 73, 74, 75, 77, 86, 87, 88, 89, 90, 91, 97, 99, 104, 107, 108, 109, 112, 116, 126, 127, 129, 132, 133, 138, 140, 141, 145, 146, 148, 149, 150, 151, 152, 153, 155, 157, 159, 161, 165, 170, 171, 172, 173, 174, 177, 178, 179, 184, 191, 192, 193, 196, 202, 204, 206, 213, 216, 217, 218, 223, 227, 228, 229, 230, 233, 234, 235, 236, 240, 243, 245, 246, 248, 249, 250, 255, 261, 262, 263, 278, 280, 286, 296, 297, 301, 302, 305, 308, 315, 317, 319, 323, 325, 327, 329, 335, 336, 355, 360, 361, 365, 370, 374, 375, 398, 402, 418, 422, 437, 444, 449, 452, 463, 464, 465, 468, 471, 486, 488, 497, 499, 500, 502, 503, 511]

t # 9
v 0 CREATE
v 1 CREATE
e 0 1 A@UF

Support: 144
where: [0, 1, 2, 513, 4, 5, 10, 12, 13, 14, 18, 30, 35, 37, 40, 43, 44, 46, 47, 50, 52, 55, 56, 58, 61, 62, 63, 67, 68, 73, 76, 77, 81, 82, 83, 85, 86, 87, 88, 89, 90, 91, 98, 99, 103, 105, 108, 111, 115, 116, 119, 120, 122, 123, 124, 128, 130, 131, 132, 137, 141, 143, 144, 145, 147, 148, 149, 154, 161, 163, 165, 170, 171, 174, 175, 182, 183, 184, 191, 192, 196, 202, 204, 210, 217, 227, 230, 234, 235, 240, 245, 246, 250, 254, 255, 256, 257, 258, 262, 286, 296, 297, 305, 308, 323, 325, 329, 333, 335, 349, 381, 382, 389, 398, 406, 408, 409, 423, 424, 425, 427, 428, 431, 434, 443, 444, 458, 460, 461, 463, 464, 468, 485, 488, 491, 492, 493, 495, 499, 500, 502, 507, 508, 511]

t # 10
v 0 CREATE
v 1 PARAMETER
e 0 1 A@UF

Support: 132
where: [1, 2, 8, 13, 14, 18, 19, 40, 65, 67, 68, 72, 73, 77, 78, 79, 82, 86, 87, 88, 89, 90, 91, 96, 97, 109, 114, 116, 140, 141, 145, 146, 147, 155, 156, 158, 161, 163, 170, 171, 172, 173, 174, 175, 176, 177, 178, 179, 181, 184, 185, 187, 190, 191, 192, 193, 194, 196, 215, 216, 218, 228, 229, 230, 234, 240, 243, 245, 246, 248, 255, 261, 262, 263, 264, 269, 285, 286, 288, 292, 300, 301, 303, 305, 315, 317, 326, 330, 333, 335, 336, 341, 353, 360, 365, 366, 370, 374, 376, 386, 391, 396, 398, 399, 400, 418, 440, 443, 444, 449, 452, 463, 467, 468, 469, 471, 475, 476, 477, 478, 479, 481, 487, 492, 493, 495, 496, 499, 500, 502, 507, 509]

t # 11
v 0 CALL
v 1 LOCAL_VARIABLE
e 0 1 A@UF

Support: 120
where: [0, 6, 11, 13, 14, 18, 20, 28, 30, 31, 32, 33, 34, 42, 43, 46, 52, 61, 68, 73, 75, 78, 79, 81, 82, 85, 88, 90, 99, 104, 109, 112, 114, 116, 119, 120, 132, 133, 134, 137, 141, 143, 144, 149, 156, 161, 165, 170, 172, 174, 175, 176, 177, 178, 181, 182, 184, 193, 207, 216, 217, 218, 223, 228, 229, 230, 234, 235, 243, 245, 246, 250, 256, 259, 263, 267, 274, 284, 285, 288, 300, 303, 305, 308, 315, 316, 317, 325, 327, 329, 336, 358, 360, 361, 366, 370, 377, 380, 383, 384, 386, 391, 398, 399, 413, 415, 422, 425, 455, 461, 464, 471, 490, 491, 494, 497, 500, 501, 502, 509]

t # 12
v 0 MEMBER_VARIABLE
v 1 RETURN
e 0 1 A@UF

Support: 116
where: [2, 6, 21, 38, 39, 40, 44, 45, 67, 68, 70, 71, 73, 75, 77, 86, 87, 88, 89, 90, 91, 96, 106, 109, 116, 131, 132, 134, 138, 141, 146, 147, 148, 149, 150, 151, 152, 153, 154, 155, 157, 161, 165, 167, 170, 172, 173, 174, 177, 178, 184, 192, 193, 196, 199, 200, 206, 216, 218, 220, 223, 228, 240, 243, 245, 246, 247, 248, 255, 260, 262, 263, 265, 280, 296, 297, 300, 301, 302, 305, 308, 309, 323, 325, 327, 329, 333, 335, 336, 352, 360, 361, 365, 366, 370, 371, 375, 376, 377, 398, 402, 410, 418, 422, 437, 440, 443, 444, 468, 471, 487, 496, 499, 500, 502, 503]

t # 13
v 0 CALL
v 1 PARAMETER
e 0 1 A@UF

Support: 112
where: [0, 6, 8, 11, 13, 14, 18, 20, 28, 31, 42, 43, 46, 52, 61, 73, 75, 77, 78, 79, 81, 82, 85, 88, 89, 90, 99, 109, 112, 114, 116, 119, 120, 126, 127, 129, 132, 133, 134, 137, 141, 143, 144, 149, 156, 161, 165, 170, 172, 174, 175, 177, 181, 182, 184, 216, 223, 228, 229, 230, 231, 234, 235, 243, 245, 246, 247, 250, 256, 263, 266, 274, 288, 300, 303, 305, 308, 311, 315, 316, 317, 327, 336, 358, 360, 361, 366, 370, 377, 380, 383, 384, 398, 399, 413, 422, 455, 461, 469, 471, 474, 476, 477, 479, 490, 492, 495, 497, 500, 501, 502, 507]

t # 14
v 0 CREATE
v 1 LOCAL_VARIABLE
e 0 1 A@UF

Support: 106
where: [3, 6, 8, 18, 40, 67, 68, 70, 72, 73, 78, 82, 90, 96, 114, 116, 137, 139, 141, 143, 147, 155, 157, 161, 163, 165, 170, 171, 172, 173, 174, 175, 176, 177, 178, 182, 184, 187, 190, 191, 192, 193, 194, 195, 196, 216, 218, 225, 230, 234, 235, 237, 238, 240, 243, 245, 246, 255, 257, 262, 263, 264, 286, 288, 300, 305, 315, 317, 326, 329, 333, 335, 336, 343, 360, 361, 365, 366, 370, 374, 375, 377, 378, 379, 386, 391, 395, 398, 399, 417, 438, 439, 442, 443, 449, 452, 464, 491, 492, 495, 496, 499, 500, 502, 505, 507]

t # 15
v 0 CALL
v 1 CALL
e 0 1 A@CF

Support: 89
where: [3, 6, 8, 18, 42, 44, 64, 67, 69, 72, 73, 75, 82, 88, 90, 96, 111, 129, 132, 138, 141, 143, 147, 149, 157, 161, 170, 172, 173, 174, 175, 184, 192, 193, 204, 211, 217, 227, 232, 234, 243, 244, 246, 250, 255, 258, 269, 274, 294, 295, 305, 308, 310, 311, 312, 313, 315, 327, 330, 331, 335, 377, 383, 384, 385, 391, 393, 395, 398, 402, 413, 422, 431, 435, 436, 437, 440, 458, 461, 462, 468, 470, 481, 485, 486, 490, 500, 501, 502]

t # 16
v 0 CALL
v 1 RETURN
e 0 1 A@UF

Support: 87
where: [0, 6, 8, 14, 18, 20, 28, 31, 42, 43, 46, 52, 61, 68, 73, 75, 78, 79, 81, 82, 88, 89, 90, 104, 109, 112, 114, 116, 119, 132, 133, 134, 137, 143, 144, 149, 161, 165, 170, 172, 174, 175, 177, 178, 181, 182, 184, 207, 216, 218, 223, 231, 243, 246, 247, 263, 288, 296, 297, 300, 303, 305, 308, 315, 316, 317, 323, 325, 327, 329, 336, 358, 360, 361, 377, 380, 383, 384, 386, 391, 398, 399, 413, 422, 471, 501, 502]

t # 17
v 0 CALL
v 1 MEMBER_VARIABLE
e 0 1 A@UF

Support: 73
where: [0, 132, 6, 134, 263, 137, 267, 143, 18, 274, 20, 149, 413, 161, 165, 422, 296, 297, 170, 172, 300, 174, 175, 303, 177, 305, 308, 181, 184, 61, 323, 68, 325, 327, 73, 75, 78, 79, 336, 82, 85, 471, 88, 89, 90, 216, 223, 228, 229, 230, 231, 358, 360, 234, 235, 361, 109, 490, 492, 495, 114, 243, 116, 370, 500, 247, 120, 377, 501, 502, 125, 126, 127]

t # 18
v 0 MEMBER_VARIABLE
v 1 MEMBER_VARIABLE
e 0 1 A@UF

Support: 70
where: [2, 260, 263, 137, 140, 402, 403, 148, 405, 150, 151, 152, 278, 410, 412, 161, 422, 167, 296, 297, 170, 300, 301, 174, 305, 308, 181, 437, 438, 440, 185, 443, 61, 323, 199, 329, 336, 81, 468, 86, 471, 216, 89, 218, 472, 221, 223, 228, 229, 487, 360, 361, 106, 234, 363, 365, 489, 239, 240, 490, 493, 496, 116, 499, 246, 247, 248, 125, 126, 255]

t # 19
v 0 ACCESS
v 1 ACCESS
e 0 1 A@UF

Support: 64
where: [261, 263, 143, 272, 273, 401, 402, 149, 406, 152, 408, 409, 410, 412, 32, 33, 163, 419, 424, 425, 426, 427, 44, 172, 46, 173, 174, 49, 175, 305, 428, 429, 430, 311, 431, 432, 315, 317, 322, 450, 331, 333, 464, 476, 93, 349, 350, 351, 352, 477, 479, 481, 357, 358, 484, 104, 360, 361, 488, 490, 365, 493, 369, 376]

t # 20
v 0 CREATE
v 1 RETURN
e 0 1 A@UF

Support: 59
where: [2, 386, 262, 391, 398, 147, 155, 157, 161, 163, 296, 297, 170, 171, 301, 174, 175, 177, 305, 182, 184, 315, 443, 317, 191, 192, 193, 449, 67, 68, 196, 323, 452, 333, 335, 463, 87, 216, 220, 230, 360, 361, 234, 235, 488, 109, 365, 492, 240, 495, 370, 499, 500, 245, 374, 502, 248, 249, 255]

t # 21
v 0 CREATE
v 1 MEMBER_VARIABLE
e 0 1 A@UF

Support: 55
where: [2, 260, 262, 265, 140, 141, 398, 19, 147, 282, 155, 161, 163, 165, 40, 296, 170, 297, 300, 301, 174, 175, 177, 305, 438, 439, 184, 440, 442, 443, 193, 323, 72, 73, 468, 87, 216, 471, 218, 96, 228, 360, 361, 492, 365, 366, 495, 240, 496, 499, 116, 245, 500, 248, 255]

t # 22
v 0 CALL
v 1 CALL
e 0 1 E@CF

Support: 45
where: [386, 132, 6, 139, 141, 398, 143, 16, 18, 146, 147, 149, 151, 152, 153, 411, 165, 170, 44, 172, 173, 174, 175, 430, 431, 435, 308, 192, 193, 194, 67, 450, 73, 329, 75, 333, 462, 82, 86, 96, 359, 364, 244, 246, 126]

t # 23
v 0 CALL
v 1 CALL
e 0 1 AE@CF

Support: 42
where: [139, 141, 398, 18, 146, 147, 149, 161, 292, 422, 40, 42, 170, 171, 172, 173, 174, 175, 438, 312, 315, 450, 331, 462, 335, 82, 342, 88, 476, 477, 478, 479, 104, 365, 112, 242, 243, 244, 246, 374, 377, 383]

t # 24
v 0 CALL
v 1 LOCAL_VARIABLE
e 0 1 A@CF

Support: 39
where: [384, 386, 6, 139, 141, 398, 143, 18, 274, 149, 153, 161, 40, 172, 173, 174, 175, 308, 437, 193, 72, 73, 75, 82, 86, 88, 217, 90, 91, 218, 96, 232, 490, 243, 499, 245, 246, 377, 383]

t # 25
v 0 IMPLEMENTS
v 1 LOCAL_VARIABLE
e 0 1 A@UF

Support: 38
where: [2, 387, 263, 265, 14, 18, 149, 410, 416, 165, 422, 424, 425, 170, 299, 174, 176, 178, 444, 193, 67, 325, 70, 329, 74, 204, 335, 216, 221, 223, 352, 227, 109, 245, 502, 375, 254, 127]

t # 26
v 0 IMPLEMENTS
v 1 RETURN
e 0 1 A@UF

Support: 37
where: [129, 2, 131, 132, 387, 14, 142, 146, 148, 410, 159, 165, 422, 170, 174, 178, 310, 444, 193, 67, 325, 70, 329, 74, 204, 335, 86, 216, 223, 234, 109, 115, 116, 502, 375, 254, 127]

t # 27
v 0 IMPLEMENTS
v 1 PARAMETER
e 0 1 A@UF

Support: 36
where: [132, 134, 265, 14, 142, 18, 148, 410, 29, 415, 416, 34, 165, 422, 170, 174, 193, 194, 68, 71, 74, 330, 204, 335, 82, 469, 216, 221, 352, 227, 109, 239, 115, 500, 245, 502]

t # 28
v 0 CALL
v 1 PARAMETER
e 0 1 A@CF

Support: 36
where: [384, 139, 141, 398, 143, 18, 274, 149, 153, 40, 44, 172, 173, 174, 175, 308, 72, 73, 75, 462, 82, 468, 86, 88, 217, 91, 96, 487, 232, 236, 243, 499, 245, 246, 377, 383]

t # 29
v 0 EXTENDS
v 1 EXTENDS
e 0 1 A@CF

Support: 34
where: [265, 140, 269, 402, 410, 155, 156, 157, 160, 422, 42, 172, 302, 175, 304, 305, 436, 310, 184, 313, 188, 202, 79, 466, 85, 88, 89, 218, 90, 475, 229, 500, 246, 502]

t # 30
v 0 CALL
v 1 RETURN
e 0 1 A@CF

Support: 33
where: [384, 386, 6, 139, 141, 398, 143, 18, 149, 153, 161, 295, 40, 172, 173, 174, 175, 308, 73, 75, 462, 82, 88, 217, 90, 96, 232, 236, 243, 499, 245, 246, 383]

t # 31
v 0 CALL
v 1 CREATE
e 0 1 A@CF

Support: 29
where: [384, 386, 8, 141, 398, 18, 147, 149, 295, 40, 174, 308, 72, 73, 82, 468, 88, 90, 476, 477, 478, 479, 96, 243, 499, 245, 246, 507, 383]

t # 32
v 0 IMPLEMENTS
v 1 MEMBER_VARIABLE
e 0 1 A@UF

Support: 27
where: [2, 132, 265, 18, 146, 148, 410, 416, 34, 165, 422, 170, 178, 310, 183, 444, 61, 193, 194, 325, 335, 216, 221, 109, 371, 500, 502]

t # 33
v 0 CALL
v 1 CREATE
e 0 1 AE@CF

Support: 27
where: [134, 8, 137, 18, 146, 147, 149, 155, 295, 49, 305, 437, 182, 438, 184, 186, 69, 197, 335, 336, 82, 218, 476, 477, 479, 227, 126]

t # 34
v 0 CALL
v 1 MEMBER_VARIABLE
e 0 1 A@CF

Support: 25
where: [6, 398, 143, 18, 147, 149, 153, 413, 295, 172, 173, 175, 308, 72, 73, 75, 468, 217, 487, 232, 243, 499, 245, 246, 377]

t # 35
v 0 ACCESS
v 1 ACCESS
e 0 1 A@CF

Support: 25
where: [269, 272, 409, 174, 175, 304, 431, 437, 438, 317, 324, 333, 461, 82, 344, 345, 352, 481, 360, 361, 488, 365, 369, 500, 506]

t # 36
v 0 CALL
v 1 CREATE
e 0 1 A@UF

Support: 24
where: [384, 386, 391, 137, 143, 18, 165, 296, 297, 174, 175, 315, 317, 323, 336, 464, 476, 477, 479, 360, 361, 109, 507, 383]

t # 37
v 0 CALL
v 1 IMPLEMENTS
e 0 1 A@UF

Support: 23
where: [132, 263, 14, 410, 29, 32, 33, 165, 422, 170, 174, 176, 178, 183, 325, 329, 469, 223, 109, 500, 245, 373, 502]

t # 38
v 0 CALL
v 1 EXTENDS
e 0 1 A@CF

Support: 22
where: [402, 410, 155, 157, 160, 161, 422, 42, 172, 173, 302, 175, 305, 436, 310, 313, 335, 88, 475, 244, 500, 246]

t # 39
v 0 IMPLEMENTS
v 1 IMPLEMENTS
e 0 1 A@UF

Support: 21
where: [2, 132, 265, 18, 146, 148, 410, 165, 422, 170, 183, 194, 325, 74, 82, 469, 216, 221, 359, 116, 373]

t # 40
v 0 CALL
v 1 EXTENDS
e 0 1 AE@CF

Support: 21
where: [269, 407, 161, 422, 39, 40, 42, 172, 173, 175, 447, 67, 78, 207, 335, 211, 88, 90, 239, 246, 247]

t # 41
v 0 CALL
v 1 EXTENDS
e 0 1 A@UF

Support: 20
where: [144, 149, 161, 163, 296, 297, 424, 425, 428, 429, 52, 446, 323, 470, 477, 479, 240, 499, 116, 500]

t # 42
v 0 CALL
v 1 IMPLEMENTS
e 0 1 A@CF

Support: 19
where: [132, 6, 134, 138, 139, 143, 18, 147, 149, 161, 295, 40, 44, 172, 173, 217, 218, 354, 236]

t # 43
v 0 CALL
v 1 CREATE
e 0 1 E@CF

Support: 19
where: [8, 146, 147, 149, 413, 295, 174, 308, 194, 82, 471, 216, 474, 476, 477, 479, 236, 239, 126]

t # 44
v 0 CALL
v 1 LOCAL_VARIABLE
e 0 1 AE@CF

Support: 18
where: [161, 227, 134, 329, 172, 141, 173, 175, 335, 398, 18, 82, 147, 149, 246, 438, 88, 184]

t # 45
v 0 LOCAL_VARIABLE
v 1 PARAMETER
e 0 1 A@CF

Support: 18
where: [134, 232, 329, 172, 173, 174, 143, 175, 337, 18, 82, 148, 149, 246, 308, 88, 217, 218]

t # 46
v 0 ACCESS
v 1 CALL
e 0 1 A@CF

Support: 17
where: [384, 161, 171, 172, 173, 174, 143, 272, 430, 18, 82, 431, 149, 500, 184, 317, 383]

t # 47
v 0 ACCESS
v 1 CALL
e 0 1 AE@CF

Support: 17
where: [161, 450, 67, 356, 171, 141, 174, 333, 431, 401, 18, 82, 52, 372, 404, 461, 462]

t # 48
v 0 ACCESS
v 1 CALL
e 0 1 E@CF

Support: 17
where: [448, 481, 450, 171, 395, 269, 174, 175, 333, 398, 82, 462, 437, 438, 507, 413, 126]

t # 49
v 0 CALL
v 1 PARAMETER
e 0 1 AE@CF

Support: 16
where: [134, 329, 139, 172, 141, 173, 175, 398, 337, 18, 82, 149, 246, 476, 477, 479]

t # 50
v 0 IMPLEMENTS
v 1 LOCAL_VARIABLE
e 0 1 A@CF

Support: 15
where: [161, 132, 134, 6, 40, 172, 173, 236, 143, 18, 148, 149, 150, 217, 222]

t # 51
v 0 LOCAL_VARIABLE
v 1 RETURN
e 0 1 A@CF

Support: 15
where: [161, 329, 172, 173, 174, 143, 175, 336, 18, 82, 148, 149, 150, 88, 217]

t # 52
v 0 CALL
v 1 EXTENDS
e 0 1 E@CF

Support: 15
where: [447, 75, 172, 173, 174, 175, 269, 402, 211, 502, 151, 184, 157, 126, 63]

t # 53
v 0 CALL
v 1 LOCAL_VARIABLE
e 0 1 E@CF

Support: 15
where: [161, 194, 172, 173, 174, 143, 175, 236, 82, 333, 244, 149, 246, 308, 126]

t # 54
v 0 PARAMETER
v 1 RETURN
e 0 1 A@CF

Support: 14
where: [232, 329, 172, 174, 175, 18, 82, 148, 149, 150, 215, 246, 217, 308]

t # 55
v 0 PARAMETER
v 1 PARAMETER
e 0 1 A@CF

Support: 14
where: [134, 232, 329, 172, 174, 175, 337, 18, 82, 148, 149, 246, 215, 217]

t # 56
v 0 LOCAL_VARIABLE
v 1 LOCAL_VARIABLE
e 0 1 A@CF

Support: 14
where: [161, 134, 329, 490, 172, 173, 174, 143, 175, 18, 82, 149, 437, 88]

t # 57
v 0 LOCAL_VARIABLE
v 1 MEMBER_VARIABLE
e 0 1 A@CF

Support: 14
where: [134, 232, 329, 172, 173, 143, 175, 148, 149, 150, 246, 308, 217, 218]

t # 58
v 0 IMPLEMENTS
v 1 IMPLEMENTS
e 0 1 A@CF

Support: 13
where: [64, 354, 6, 40, 138, 236, 460, 15, 144, 148, 85, 150, 217]

t # 59
v 0 RETURN
v 1 RETURN
e 0 1 A@CF

Support: 13
where: [161, 295, 296, 297, 460, 174, 336, 18, 82, 148, 149, 150, 217]

t # 60
v 0 ACCESS
v 1 CALL
e 0 1 A@UF

Support: 13
where: [384, 104, 479, 172, 173, 174, 429, 18, 82, 311, 315, 477, 383]

t # 61
v 0 CALL
v 1 IMPLEMENTS
e 0 1 E@CF

Support: 13
where: [64, 39, 40, 137, 138, 75, 44, 77, 295, 336, 147, 246, 155]

t # 62
v 0 CALL
v 1 CALL
e 0 1 E@UF

Support: 12
where: [193, 449, 452, 7, 73, 138, 141, 174, 22, 215, 57, 415]

t # 63
v 0 CREATE
v 1 EXTENDS
e 0 1 AE@CF

Support: 12
where: [196, 8, 239, 335, 177, 305, 475, 407, 184, 89, 155, 126]

t # 64
v 0 CALL
v 1 RETURN
e 0 1 AE@CF

Support: 12
where: [161, 137, 172, 141, 173, 335, 18, 147, 82, 149, 246, 218]

t # 65
v 0 ACCESS
v 1 PARAMETER
e 0 1 A@UF

Support: 12
where: [330, 44, 302, 398, 176, 49, 401, 501, 311, 152, 412, 479]

t # 66
v 0 EXTENDS
v 1 EXTENDS
e 0 1 A@UF

Support: 12
where: [424, 297, 170, 428, 429, 144, 116, 149, 470, 216, 446, 479]

t # 67
v 0 IMPLEMENTS
v 1 RETURN
e 0 1 A@CF

Support: 11
where: [161, 6, 295, 40, 236, 460, 336, 148, 149, 150, 217]

t # 68
v 0 IMPLEMENTS
v 1 PARAMETER
e 0 1 A@CF

Support: 11
where: [6, 40, 44, 172, 236, 148, 149, 150, 247, 217, 218]

t # 69
v 0 CALL
v 1 CALL
e 0 1 AE@UF

Support: 11
where: [477, 10, 331, 479, 13, 141, 149, 476, 317, 478, 383]

t # 70
v 0 CREATE
v 1 PARAMETER
e 0 1 A@CF

Support: 11
where: [134, 174, 175, 337, 18, 82, 308, 215, 476, 477, 479]

t # 71
v 0 CALL
v 1 MEMBER_VARIABLE
e 0 1 AE@CF

Support: 11
where: [134, 329, 172, 173, 335, 81, 146, 147, 337, 149, 246]

t # 72
v 0 CREATE
v 1 CREATE
e 0 1 A@CF

Support: 10
where: [227, 229, 295, 144, 147, 150, 55, 182, 89, 186]

t # 73
v 0 EXTENDS
v 1 LOCAL_VARIABLE
e 0 1 AE@CF

Support: 10
where: [161, 172, 173, 175, 335, 81, 246, 407, 88, 184]

t # 74
v 0 MEMBER_VARIABLE
v 1 PARAMETER
e 0 1 A@CF

Support: 10
where: [134, 232, 329, 172, 148, 149, 150, 246, 308, 217]

t # 75
v 0 MEMBER_VARIABLE
v 1 RETURN
e 0 1 A@CF

Support: 10
where: [295, 232, 329, 172, 148, 149, 150, 246, 308, 217]

t # 76
v 0 IMPLEMENTS
v 1 MEMBER_VARIABLE
e 0 1 A@CF

Support: 9
where: [6, 295, 40, 147, 148, 150, 247, 217, 218]

t # 77
v 0 EXTENDS
v 1 IMPLEMENTS
e 0 1 AE@CF

Support: 9
where: [161, 39, 40, 43, 402, 85, 246, 310, 313]

t # 78
v 0 CALL
v 1 IMPLEMENTS
e 0 1 AE@CF

Support: 8
where: [161, 40, 43, 18, 246, 247, 310, 313]

t # 79
v 0 CREATE
v 1 LOCAL_VARIABLE
e 0 1 A@CF

Support: 8
where: [227, 134, 174, 175, 18, 82, 149, 88]

t # 80
v 0 ACCESS
v 1 LOCAL_VARIABLE
e 0 1 A@UF

Support: 8
where: [104, 44, 174, 302, 176, 49, 25, 412]

t # 81
v 0 CALL
v 1 CLONE
e 0 1 EC@CF

Support: 8
where: [96, 294, 44, 177, 82, 401, 116, 278]

t # 82
v 0 CALL
v 1 RETURN
e 0 1 E@CF

Support: 8
where: [295, 174, 175, 336, 82, 308, 149, 246]

t # 83
v 0 MEMBER_VARIABLE
v 1 MEMBER_VARIABLE
e 0 1 A@CF

Support: 8
where: [295, 232, 147, 148, 308, 150, 246, 217]

t # 84
v 0 ACCESS
v 1 RETURN
e 0 1 A@CF

Support: 7
where: [172, 173, 174, 143, 18, 82, 149]

t # 85
v 0 ACCESS
v 1 PARAMETER
e 0 1 A@CF

Support: 7
where: [172, 173, 174, 143, 18, 82, 149]

t # 86
v 0 ACCESS
v 1 LOCAL_VARIABLE
e 0 1 A@CF

Support: 7
where: [172, 173, 174, 143, 18, 82, 149]

t # 87
v 0 LOCAL_VARIABLE
v 1 MEMBER_VARIABLE
e 0 1 AE@CF

Support: 7
where: [172, 173, 175, 81, 147, 149, 150]

t # 88
v 0 CALL
v 1 PARAMETER
e 0 1 E@CF

Support: 7
where: [172, 174, 175, 239, 82, 149, 246]

t # 89
v 0 ACCESS
v 1 CREATE
e 0 1 E@CF

Support: 7
where: [416, 366, 437, 438, 186, 413, 126]

t # 90
v 0 CALL
v 1 MEMBER_VARIABLE
e 0 1 E@CF

Support: 7
where: [194, 165, 172, 146, 147, 308, 246]

t # 91
v 0 EXTENDS
v 1 EXTENDS
e 0 1 AE@CF

Support: 7
where: [172, 269, 173, 207, 402, 179, 407]

t # 92
v 0 ACCESS
v 1 EXTENDS
e 0 1 E@CF

Support: 6
where: [67, 266, 269, 175, 304, 184]

t # 93
v 0 CALL
v 1 CLONE
e 0 1 AC@CF

Support: 6
where: [258, 67, 393, 401, 116, 404]

t # 94
v 0 ACCESS
v 1 LOCAL_VARIABLE
e 0 1 E@CF

Support: 6
where: [333, 366, 175, 82, 437, 126]

t # 95
v 0 ACCESS
v 1 EXTENDS
e 0 1 A@UF

Support: 6
where: [429, 430, 376, 476, 477, 479]

t # 96
v 0 CREATE
v 1 IMPLEMENTS
e 0 1 AE@CF

Support: 5
where: [134, 137, 336, 18, 150]

t # 97
v 0 IMPLEMENTS
v 1 RETURN
e 0 1 AE@CF

Support: 5
where: [161, 295, 137, 460, 18]

t # 98
v 0 EXTENDS
v 1 LOCAL_VARIABLE
e 0 1 E@CF

Support: 5
where: [172, 173, 175, 88, 126]

t # 99
v 0 CREATE
v 1 EXTENDS
e 0 1 A@UF

Support: 5
where: [323, 296, 297, 175, 116]

t # 100
v 0 MEMBER_VARIABLE
v 1 RETURN
e 0 1 AE@CF

Support: 5
where: [172, 142, 147, 149, 150]

t # 101
v 0 CREATE
v 1 MEMBER_VARIABLE
e 0 1 A@CF

Support: 5
where: [229, 295, 147, 308, 150]

t # 102
v 0 CREATE
v 1 LOCAL_VARIABLE
e 0 1 E@CF

Support: 5
where: [295, 366, 308, 149, 186]

t # 103
v 0 LOCAL_VARIABLE
v 1 LOCAL_VARIABLE
e 0 1 E@CF

Support: 5
where: [161, 172, 173, 308, 149]

t # 104
v 0 CREATE
v 1 EXTENDS
e 0 1 A@CF

Support: 4
where: [8, 202, 229, 271]

t # 105
v 0 CREATE
v 1 RETURN
e 0 1 A@CF

Support: 4
where: [18, 82, 174, 295]

t # 106
v 0 EXTENDS
v 1 IMPLEMENTS
e 0 1 E@CF

Support: 4
where: [417, 75, 155, 45]

t # 107
v 0 ACCESS
v 1 CLONE
e 0 1 EC@CF

Support: 4
where: [488, 401, 67, 203]

t # 108
v 0 EXTENDS
v 1 EXTENDS
e 0 1 E@CF

Support: 4
where: [402, 67, 157, 279]

t # 109
v 0 ACCESS
v 1 CREATE
e 0 1 AE@CF

Support: 4
where: [82, 507, 437, 126]

t # 110
v 0 CREATE
v 1 CREATE
e 0 1 AE@CF

Support: 4
where: [150, 437, 126, 295]

t # 111
v 0 CREATE
v 1 EXTENDS
e 0 1 E@CF

Support: 4
where: [216, 410, 187, 126]

t # 112
v 0 CREATE
v 1 MEMBER_VARIABLE
e 0 1 AE@CF

Support: 4
where: [150, 149, 142, 295]

t # 113
v 0 ACCESS
v 1 MEMBER_VARIABLE
e 0 1 A@CF

Support: 4
where: [173, 172, 149, 143]

t # 114
v 0 ACCESS
v 1 IMPLEMENTS
e 0 1 A@CF

Support: 4
where: [173, 172, 149, 143]

t # 115
v 0 CREATE
v 1 IMPLEMENTS
e 0 1 E@CF

Support: 4
where: [144, 147, 236, 295]

t # 116
v 0 CREATE
v 1 MEMBER_VARIABLE
e 0 1 E@CF

Support: 4
where: [194, 186, 147, 413]

t # 117
v 0 LOCAL_VARIABLE
v 1 RETURN
e 0 1 E@CF

Support: 4
where: [161, 308, 149, 295]

t # 118
v 0 CALL
v 1 CREATE
e 0 1 AE@UF

Support: 4
where: [416, 186, 189, 383]

t # 119
v 0 CREATE
v 1 MEMBER_VARIABLE
e 0 1 AE@UF

Support: 4
where: [264, 265, 514, 263]

t # 120
v 0 CALL
v 1 IMPLEMENTS
e 0 1 AE@UF

Support: 4
where: [296, 297, 323, 411]

t # 121
v 0 EXTENDS
v 1 IMPLEMENTS
e 0 1 AE@UF

Support: 4
where: [296, 297, 323, 411]

t # 122
v 0 IMPLEMENTS
v 1 LOCAL_VARIABLE
e 0 1 AE@CF

Support: 3
where: [161, 18, 134]

t # 123
v 0 ACCESS
v 1 RETURN
e 0 1 A@UF

Support: 3
where: [25, 44, 49]

t # 124
v 0 ACCESS
v 1 MEMBER_VARIABLE
e 0 1 A@UF

Support: 3
where: [152, 49, 44]

t # 125
v 0 EXTENDS
v 1 MEMBER_VARIABLE
e 0 1 E@CF

Support: 3
where: [50, 172, 279]

t # 126
v 0 ACCESS
v 1 EXTENDS
e 0 1 AE@CF

Support: 3
where: [52, 269, 454]

t # 127
v 0 CLONE
v 1 CLONE
e 0 1 CC@CF

Support: 3
where: [401, 67, 489]

t # 128
v 0 CALL
v 1 LOCAL_VARIABLE
e 0 1 AE@UF

Support: 3
where: [81, 383, 175]

t # 129
v 0 ACCESS
v 1 ACCESS
e 0 1 AE@CF

Support: 3
where: [82, 507, 431]

t # 130
v 0 ACCESS
v 1 PARAMETER
e 0 1 E@CF

Support: 3
where: [82, 366, 175]

t # 131
v 0 ACCESS
v 1 RETURN
e 0 1 E@CF

Support: 3
where: [448, 82, 175]

t # 132
v 0 CREATE
v 1 LOCAL_VARIABLE
e 0 1 AE@CF

Support: 3
where: [150, 437, 126]

t # 133
v 0 CREATE
v 1 CREATE
e 0 1 E@CF

Support: 3
where: [144, 305, 218]

t # 134
v 0 RETURN
v 1 RETURN
e 0 1 AE@CF

Support: 3
where: [149, 246, 295]

t # 135
v 0 CREATE
v 1 RETURN
e 0 1 AE@CF

Support: 3
where: [149, 150, 295]

t # 136
v 0 CREATE
v 1 PARAMETER
e 0 1 E@CF

Support: 3
where: [149, 366, 239]

t # 137
v 0 LOCAL_VARIABLE
v 1 MEMBER_VARIABLE
e 0 1 AE@UF

Support: 3
where: [152, 514, 149]

t # 138
v 0 EXTENDS
v 1 RETURN
e 0 1 AE@CF

Support: 3
where: [161, 246, 335]

t # 139
v 0 IMPLEMENTS
v 1 LOCAL_VARIABLE
e 0 1 E@CF

Support: 3
where: [161, 236, 295]

t # 140
v 0 EXTENDS
v 1 PARAMETER
e 0 1 E@CF

Support: 3
where: [172, 174, 175]

t # 141
v 0 EXTENDS
v 1 PARAMETER
e 0 1 AE@CF

Support: 3
where: [239, 246, 175]

t # 142
v 0 LOCAL_VARIABLE
v 1 MEMBER_VARIABLE
e 0 1 E@CF

Support: 3
where: [194, 308, 246]

t # 143
v 0 EXTENDS
v 1 MEMBER_VARIABLE
e 0 1 AE@CF

Support: 3
where: [337, 246, 335]

t # 144
v 0 ACCESS
v 1 ACCESS
e 0 1 E@CF

Support: 3
where: [266, 324, 366]

t # 145
v 0 IMPLEMENTS
v 1 RETURN
e 0 1 E@CF

Support: 3
where: [336, 460, 295]

t # 146
v 0 CALL
v 1 PARAMETER
e 0 1 AE@UF

Support: 3
where: [337, 513, 383]

t # 147
v 0 ACCESS
v 1 CALL
e 0 1 AE@UF

Support: 2
where: [13, 383]

t # 148
v 0 CALL
v 1 EXTENDS
e 0 1 AE@UF

Support: 2
where: [317, 13]

t # 149
v 0 ACCESS
v 1 IMPLEMENTS
e 0 1 AE@CF

Support: 2
where: [161, 18]

t # 150
v 0 IMPLEMENTS
v 1 PARAMETER
e 0 1 AE@CF

Support: 2
where: [18, 134]

t # 151
v 0 CREATE
v 1 IMPLEMENTS
e 0 1 A@CF

Support: 2
where: [40, 295]

t # 152
v 0 CLONE
v 1 EXTENDS
e 0 1 EC@CF

Support: 2
where: [67, 278]

t # 153
v 0 EXTENDS
v 1 PARAMETER
e 0 1 A@UF

Support: 2
where: [75, 479]

t # 154
v 0 ACCESS
v 1 LOCAL_VARIABLE
e 0 1 AE@CF

Support: 2
where: [161, 82]

t # 155
v 0 ACCESS
v 1 RETURN
e 0 1 AE@CF

Support: 2
where: [161, 82]

t # 156
v 0 CREATE
v 1 IMPLEMENTS
e 0 1 A@UF

Support: 2
where: [109, 310]

t # 157
v 0 IMPLEMENTS
v 1 MEMBER_VARIABLE
e 0 1 AE@CF

Support: 2
where: [150, 134]

t # 158
v 0 IMPLEMENTS
v 1 MEMBER_VARIABLE
e 0 1 E@CF

Support: 2
where: [147, 246]

t # 159
v 0 LOCAL_VARIABLE
v 1 PARAMETER
e 0 1 E@CF

Support: 2
where: [149, 246]

t # 160
v 0 PARAMETER
v 1 RETURN
e 0 1 AE@CF

Support: 2
where: [149, 246]

t # 161
v 0 PARAMETER
v 1 RETURN
e 0 1 E@CF

Support: 2
where: [149, 246]

t # 162
v 0 MEMBER_VARIABLE
v 1 MEMBER_VARIABLE
e 0 1 AE@CF

Support: 2
where: [172, 150]

t # 163
v 0 CALL
v 1 RETURN
e 0 1 AE@UF

Support: 2
where: [161, 383]

t # 164
v 0 ACCESS
v 1 EXTENDS
e 0 1 A@CF

Support: 2
where: [161, 500]

t # 165
v 0 MEMBER_VARIABLE
v 1 PARAMETER
e 0 1 AE@CF

Support: 2
where: [172, 175]

t # 166
v 0 LOCAL_VARIABLE
v 1 PARAMETER
e 0 1 AE@CF

Support: 2
where: [172, 173]

t # 167
v 0 LOCAL_VARIABLE
v 1 RETURN
e 0 1 AE@CF

Support: 2
where: [172, 173]

t # 168
v 0 EXTENDS
v 1 LOCAL_VARIABLE
e 0 1 AE@UF

Support: 2
where: [172, 173]

t # 169
v 0 EXTENDS
v 1 PARAMETER
e 0 1 AE@UF

Support: 2
where: [172, 173]

t # 170
v 0 EXTENDS
v 1 RETURN
e 0 1 E@CF

Support: 2
where: [174, 175]

t # 171
v 0 CREATE
v 1 RETURN
e 0 1 E@CF

Support: 2
where: [218, 295]

t # -1