t # 0
v 0 LOCAL_VARIABLE
v 1 PARAMETER
e 0 1 A@UF

Support: 319
where: [0, 1, 4, 5, 6, 7, 9, 10, 11, 12, 13, 14, 15, 16, 17, 18, 19, 20, 21, 22, 23, 25, 26, 28, 29, 32, 33, 34, 37, 38, 39, 40, 42, 43, 45, 46, 47, 48, 49, 50, 52, 53, 56, 61, 63, 64, 65, 66, 67, 68, 69, 70, 72, 73, 74, 75, 76, 78, 79, 80, 81, 83, 85, 86, 89, 96, 98, 99, 100, 101, 102, 104, 105, 106, 108, 109, 112, 114, 115, 116, 117, 118, 119, 120, 121, 122, 123, 125, 126, 129, 130, 134, 135, 136, 141, 142, 143, 144, 145, 147, 149, 150, 151, 152, 153, 155, 156, 157, 158, 159, 162, 163, 165, 166, 167, 169, 170, 171, 172, 173, 176, 178, 179, 180, 182, 185, 187, 188, 189, 191, 192, 193, 195, 196, 197, 199, 200, 201, 202, 205, 207, 208, 209, 212, 213, 216, 217, 218, 219, 221, 223, 224, 225, 226, 228, 230, 231, 232, 233, 234, 235, 236, 237, 238, 239, 240, 241, 242, 244, 245, 249, 252, 253, 254, 256, 258, 260, 262, 264, 266, 269, 272, 273, 274, 275, 276, 278, 279, 280, 282, 284, 285, 286, 287, 292, 293, 294, 295, 298, 300, 301, 302, 303, 304, 305, 306, 308, 311, 312, 313, 314, 315, 316, 317, 318, 319, 320, 322, 324, 325, 326, 327, 328, 329, 330, 331, 333, 334, 335, 337, 338, 340, 341, 342, 343, 344, 345, 349, 351, 352, 353, 354, 355, 356, 359, 360, 362, 369, 371, 372, 373, 374, 376, 378, 379, 380, 382, 383, 384, 387, 391, 393, 394, 395, 398, 400, 402, 404, 405, 406, 407, 408, 410, 411, 412, 415, 416, 417, 418, 419, 420, 421, 422, 423, 424, 425, 426, 427, 428, 429, 430, 432, 433, 434, 435, 436, 437, 438, 440, 441, 442, 443, 444, 445, 448, 449, 450, 451, 452, 453, 454, 455, 457, 458, 459, 460, 462, 463, 464]

t # 1
v 0 LOCAL_VARIABLE
v 1 LOCAL_VARIABLE
e 0 1 A@UF

Support: 301
where: [0, 2, 5, 6, 7, 9, 10, 11, 12, 13, 14, 15, 16, 17, 18, 19, 20, 21, 22, 23, 25, 26, 27, 29, 30, 31, 32, 34, 35, 36, 37, 38, 39, 42, 44, 45, 46, 47, 48, 49, 51, 52, 53, 55, 56, 58, 59, 61, 62, 63, 64, 65, 68, 69, 70, 72, 73, 74, 75, 76, 77, 80, 81, 83, 84, 85, 86, 88, 90, 96, 97, 98, 102, 103, 104, 105, 106, 108, 109, 110, 112, 113, 115, 116, 117, 119, 120, 121, 122, 123, 124, 125, 126, 129, 130, 134, 135, 136, 139, 142, 143, 145, 146, 147, 149, 150, 151, 152, 153, 155, 156, 157, 158, 159, 162, 163, 165, 167, 173, 176, 177, 178, 179, 180, 182, 183, 185, 187, 188, 189, 191, 192, 193, 194, 196, 199, 200, 201, 203, 205, 207, 210, 212, 213, 214, 215, 216, 217, 219, 224, 225, 228, 230, 232, 233, 234, 235, 236, 237, 239, 240, 241, 244, 245, 246, 247, 248, 249, 252, 253, 254, 256, 257, 258, 260, 261, 262, 264, 266, 267, 268, 272, 273, 274, 275, 276, 277, 278, 279, 280, 284, 285, 286, 289, 300, 301, 302, 304, 308, 311, 312, 313, 314, 315, 316, 317, 318, 319, 320, 321, 322, 324, 325, 327, 328, 329, 330, 331, 333, 335, 337, 338, 342, 343, 344, 351, 355, 356, 359, 360, 362, 365, 366, 369, 371, 373, 374, 376, 380, 381, 383, 384, 387, 389, 391, 393, 394, 398, 399, 400, 402, 403, 404, 405, 406, 407, 410, 412, 413, 415, 417, 418, 419, 420, 421, 422, 423, 424, 425, 426, 427, 428, 429, 430, 431, 432, 433, 434, 435, 436, 438, 439, 440, 442, 443, 445, 446, 447, 448, 449, 450, 451, 452, 453, 454, 455, 458, 460, 461, 462, 464]

t # 2
v 0 CALL
v 1 CALL
e 0 1 A@UF

Support: 246
where: [0, 6, 7, 9, 10, 12, 13, 14, 15, 16, 17, 18, 19, 20, 21, 22, 26, 27, 29, 30, 34, 35, 36, 37, 40, 43, 44, 45, 46, 47, 51, 52, 54, 56, 58, 59, 62, 65, 66, 68, 70, 72, 73, 75, 81, 83, 84, 85, 88, 90, 96, 97, 98, 102, 103, 104, 105, 106, 107, 108, 109, 112, 116, 119, 123, 125, 126, 127, 128, 129, 130, 131, 132, 133, 134, 136, 137, 138, 139, 141, 142, 143, 144, 145, 147, 149, 150, 152, 153, 155, 158, 159, 162, 163, 165, 168, 169, 173, 174, 178, 179, 182, 183, 185, 187, 189, 190, 191, 192, 195, 197, 201, 203, 205, 206, 207, 208, 210, 211, 212, 213, 216, 217, 218, 219, 220, 222, 224, 226, 230, 232, 233, 237, 239, 240, 241, 244, 245, 248, 249, 250, 252, 254, 256, 260, 261, 264, 267, 268, 272, 275, 278, 279, 280, 285, 287, 289, 299, 300, 302, 304, 310, 311, 312, 313, 314, 315, 316, 318, 319, 320, 321, 322, 325, 327, 329, 330, 331, 333, 334, 335, 337, 338, 340, 342, 348, 352, 353, 355, 357, 358, 359, 366, 367, 368, 369, 371, 377, 379, 380, 381, 383, 384, 389, 393, 398, 399, 400, 402, 403, 404, 406, 407, 412, 417, 418, 419, 420, 421, 422, 423, 424, 425, 427, 428, 430, 432, 433, 434, 435, 436, 437, 439, 442, 443, 445, 446, 447, 448, 449, 451, 453, 454, 455, 458, 460]

t # 3
v 0 PARAMETER
v 1 PARAMETER
e 0 1 A@UF

Support: 219
where: [0, 6, 9, 12, 14, 16, 18, 21, 22, 23, 28, 36, 37, 38, 39, 41, 46, 47, 52, 57, 60, 63, 65, 67, 72, 75, 81, 83, 88, 90, 92, 95, 96, 97, 98, 99, 102, 104, 106, 108, 114, 119, 120, 121, 122, 123, 125, 129, 134, 136, 141, 142, 144, 145, 147, 148, 151, 152, 158, 159, 163, 165, 166, 167, 170, 171, 172, 173, 176, 178, 179, 185, 187, 188, 191, 192, 193, 195, 196, 197, 199, 200, 201, 202, 205, 206, 208, 212, 213, 216, 218, 219, 221, 223, 224, 225, 226, 228, 231, 232, 233, 234, 237, 238, 239, 240, 241, 244, 245, 248, 249, 254, 256, 258, 260, 265, 272, 273, 278, 279, 281, 285, 286, 287, 295, 297, 298, 300, 301, 303, 304, 308, 311, 312, 315, 316, 318, 319, 320, 321, 322, 324, 325, 326, 327, 328, 329, 330, 331, 334, 335, 337, 340, 342, 344, 349, 351, 355, 356, 358, 359, 360, 361, 362, 368, 369, 371, 373, 375, 376, 377, 379, 380, 384, 386, 387, 388, 390, 391, 393, 394, 395, 400, 402, 404, 405, 406, 407, 408, 410, 412, 415, 417, 418, 421, 422, 423, 425, 427, 428, 429, 430, 434, 437, 438, 439, 441, 444, 445, 446, 451, 452, 453, 454, 455, 457, 458, 460, 463]

t # 4
v 0 CREATE
v 1 LOCAL_VARIABLE
e 0 1 A@UF

Support: 194
where: [0, 2, 6, 7, 9, 10, 12, 13, 16, 18, 19, 20, 21, 22, 27, 29, 32, 34, 36, 37, 38, 44, 45, 46, 47, 48, 49, 51, 52, 53, 56, 59, 61, 62, 65, 67, 68, 69, 70, 72, 73, 74, 75, 76, 77, 80, 84, 85, 88, 90, 92, 97, 98, 99, 101, 102, 103, 104, 105, 107, 108, 109, 112, 113, 116, 117, 119, 123, 124, 126, 129, 130, 134, 143, 145, 147, 149, 150, 152, 153, 155, 159, 163, 165, 172, 174, 176, 179, 180, 187, 201, 205, 212, 213, 216, 217, 219, 224, 228, 230, 233, 234, 237, 238, 239, 240, 241, 245, 249, 252, 254, 257, 261, 264, 267, 268, 272, 273, 274, 275, 278, 279, 285, 289, 293, 300, 311, 312, 313, 314, 315, 316, 322, 324, 328, 329, 330, 333, 337, 338, 343, 345, 354, 356, 366, 369, 371, 373, 381, 384, 389, 393, 394, 398, 399, 400, 402, 403, 404, 405, 406, 407, 410, 412, 415, 417, 419, 420, 421, 422, 423, 424, 425, 429, 430, 431, 432, 433, 438, 439, 440, 442, 443, 445, 447, 448, 449, 451, 453, 454, 455, 458, 460, 464]

t # 5
v 0 LOCAL_VARIABLE
v 1 RETURN
e 0 1 A@UF

Support: 178
where: [2, 6, 7, 9, 10, 12, 13, 16, 17, 18, 19, 20, 21, 22, 26, 28, 29, 32, 34, 36, 37, 38, 39, 42, 45, 46, 48, 52, 59, 61, 63, 65, 68, 69, 70, 72, 73, 75, 97, 98, 102, 104, 105, 108, 109, 112, 113, 115, 116, 119, 120, 123, 126, 129, 130, 134, 135, 143, 145, 146, 147, 149, 150, 151, 152, 153, 155, 158, 159, 161, 163, 165, 177, 179, 180, 185, 191, 200, 203, 204, 205, 208, 209, 212, 213, 216, 217, 219, 227, 228, 229, 232, 240, 245, 249, 261, 263, 264, 267, 268, 272, 273, 274, 275, 276, 277, 279, 285, 300, 305, 308, 313, 314, 315, 316, 317, 318, 319, 320, 322, 324, 325, 327, 330, 333, 337, 338, 343, 350, 352, 353, 354, 356, 366, 371, 373, 374, 376, 378, 379, 384, 391, 394, 398, 399, 400, 402, 403, 404, 405, 406, 407, 408, 410, 412, 421, 423, 424, 429, 430, 432, 433, 434, 436, 437, 440, 441, 444, 448, 449, 452, 453, 454, 455, 458, 460, 463, 464]

t # 6
v 0 CREATE
v 1 CREATE
e 0 1 A@UF

Support: 158
where: [7, 9, 10, 12, 16, 17, 18, 21, 23, 24, 27, 28, 29, 34, 37, 38, 40, 45, 46, 47, 51, 52, 62, 65, 66, 67, 69, 72, 77, 80, 84, 85, 86, 87, 88, 90, 97, 98, 99, 101, 102, 104, 105, 108, 109, 116, 123, 126, 129, 130, 134, 137, 138, 140, 143, 149, 152, 153, 154, 158, 159, 162, 165, 167, 172, 173, 176, 178, 187, 191, 193, 195, 196, 197, 198, 201, 205, 212, 213, 216, 218, 219, 221, 223, 233, 237, 238, 239, 240, 241, 249, 252, 254, 261, 263, 267, 268, 276, 277, 300, 304, 307, 313, 314, 315, 316, 329, 330, 333, 337, 338, 345, 356, 358, 362, 366, 370, 371, 373, 381, 383, 384, 389, 394, 402, 403, 404, 405, 406, 407, 408, 410, 412, 417, 420, 421, 423, 424, 425, 430, 432, 433, 437, 438, 440, 442, 443, 445, 447, 448, 449, 451, 452, 453, 458, 459, 460, 463]

t # 7
v 0 CALL
v 1 LOCAL_VARIABLE
e 0 1 A@UF

Support: 143
where: [0, 9, 14, 18, 20, 27, 29, 37, 47, 51, 52, 59, 72, 75, 81, 84, 85, 86, 88, 90, 96, 97, 98, 102, 103, 104, 105, 112, 119, 123, 125, 134, 142, 147, 149, 153, 159, 165, 173, 179, 185, 187, 189, 191, 192, 195, 197, 201, 203, 205, 208, 212, 213, 216, 219, 221, 224, 226, 233, 237, 240, 241, 244, 245, 248, 249, 252, 256, 261, 264, 267, 268, 272, 275, 278, 279, 289, 300, 302, 304, 311, 312, 313, 314, 315, 316, 318, 319, 320, 321, 325, 327, 329, 330, 333, 337, 338, 342, 343, 352, 355, 356, 362, 366, 367, 369, 371, 380, 381, 384, 389, 398, 400, 402, 403, 404, 406, 407, 412, 418, 419, 421, 422, 423, 424, 430, 431, 432, 433, 434, 435, 436, 437, 439, 440, 447, 448, 449, 453, 454, 455, 458, 460]

t # 8
v 0 CREATE
v 1 PARAMETER
e 0 1 A@UF

Support: 143
where: [0, 6, 9, 10, 12, 13, 14, 16, 18, 21, 41, 46, 47, 48, 52, 65, 67, 68, 69, 72, 75, 79, 80, 83, 85, 94, 99, 101, 102, 105, 108, 112, 119, 120, 123, 129, 142, 145, 147, 149, 152, 153, 155, 158, 159, 163, 165, 172, 176, 179, 180, 181, 187, 190, 192, 195, 201, 212, 213, 216, 219, 221, 228, 233, 234, 237, 238, 239, 240, 244, 245, 249, 252, 254, 264, 265, 269, 270, 271, 273, 275, 278, 279, 285, 287, 293, 295, 300, 302, 314, 315, 316, 319, 320, 322, 324, 326, 329, 334, 337, 338, 340, 343, 345, 349, 355, 358, 371, 372, 373, 384, 391, 393, 394, 398, 399, 400, 402, 404, 405, 406, 407, 408, 410, 412, 415, 417, 420, 421, 422, 423, 425, 439, 440, 441, 444, 445, 450, 453, 454, 458, 460, 463]

t # 9
v 0 PARAMETER
v 1 RETURN
e 0 1 A@UF

Support: 121
where: [6, 9, 10, 12, 13, 14, 16, 18, 20, 21, 22, 28, 46, 52, 63, 65, 67, 68, 72, 75, 83, 94, 99, 102, 112, 115, 119, 120, 123, 125, 129, 136, 145, 147, 150, 151, 152, 154, 158, 159, 163, 165, 176, 179, 185, 199, 200, 203, 205, 208, 216, 219, 221, 224, 225, 227, 228, 231, 232, 233, 234, 240, 244, 245, 249, 264, 265, 273, 275, 279, 285, 295, 300, 305, 308, 315, 316, 319, 320, 322, 324, 325, 326, 327, 334, 337, 338, 343, 350, 353, 376, 379, 384, 386, 388, 391, 394, 402, 404, 405, 406, 407, 408, 410, 412, 421, 422, 423, 429, 430, 437, 439, 441, 444, 447, 452, 453, 454, 455, 458, 463]

t # 10
v 0 CALL
v 1 PARAMETER
e 0 1 A@UF

Support: 111
where: [0, 9, 14, 18, 29, 47, 52, 72, 83, 85, 88, 90, 102, 104, 105, 106, 112, 119, 125, 136, 142, 149, 152, 158, 159, 163, 165, 173, 187, 189, 191, 195, 197, 201, 203, 205, 208, 212, 213, 216, 219, 221, 224, 226, 233, 237, 239, 240, 241, 244, 245, 248, 249, 252, 256, 264, 272, 275, 278, 279, 302, 304, 311, 312, 315, 316, 318, 319, 320, 325, 326, 327, 329, 337, 338, 342, 343, 352, 355, 358, 368, 369, 377, 380, 384, 393, 398, 400, 404, 406, 412, 417, 418, 419, 420, 421, 423, 425, 427, 428, 430, 434, 435, 436, 437, 439, 451, 453, 454, 458, 460]

t # 11
v 0 CALL
v 1 CREATE
e 0 1 A@UF

Support: 100
where: [0, 7, 9, 10, 14, 16, 18, 27, 37, 47, 51, 52, 59, 66, 72, 84, 85, 97, 98, 102, 103, 104, 105, 106, 112, 123, 137, 138, 149, 153, 159, 165, 178, 179, 187, 192, 201, 212, 213, 216, 219, 221, 233, 237, 240, 244, 249, 252, 261, 264, 267, 268, 272, 275, 279, 300, 302, 311, 312, 313, 314, 315, 316, 319, 320, 329, 330, 333, 337, 338, 358, 366, 369, 381, 384, 389, 398, 400, 403, 404, 406, 407, 412, 417, 420, 422, 423, 424, 425, 431, 432, 433, 439, 440, 447, 448, 449, 453, 458, 460]

t # 12
v 0 LOCAL_VARIABLE
v 1 MEMBER_VARIABLE
e 0 1 A@UF

Support: 95
where: [23, 29, 32, 39, 42, 47, 52, 58, 63, 65, 68, 70, 72, 115, 116, 119, 121, 123, 126, 129, 130, 151, 152, 153, 155, 158, 159, 161, 162, 163, 165, 177, 182, 185, 186, 187, 200, 205, 212, 213, 215, 217, 219, 228, 232, 236, 240, 248, 253, 255, 258, 260, 276, 277, 285, 305, 316, 317, 319, 320, 321, 325, 329, 330, 340, 349, 356, 367, 368, 370, 392, 396, 398, 400, 402, 404, 405, 406, 407, 408, 410, 418, 421, 426, 430, 438, 442, 445, 452, 453, 454, 455, 458, 463, 464]

t # 13
v 0 CALL
v 1 CALL
e 0 1 A@CF

Support: 92
where: [8, 9, 10, 16, 17, 18, 21, 29, 35, 39, 47, 51, 52, 57, 63, 82, 88, 90, 93, 96, 106, 115, 129, 131, 132, 134, 164, 167, 171, 173, 177, 184, 187, 190, 195, 205, 210, 212, 213, 216, 218, 220, 227, 228, 230, 240, 252, 256, 257, 264, 272, 275, 276, 278, 279, 285, 288, 289, 296, 300, 304, 314, 316, 319, 320, 329, 337, 338, 342, 369, 380, 384, 388, 399, 400, 404, 412, 414, 417, 419, 420, 421, 425, 439, 440, 447, 448, 449, 453, 455, 458, 461]

t # 14
v 0 ACCESS
v 1 ACCESS
e 0 1 A@UF

Support: 92
where: [18, 19, 29, 34, 37, 39, 52, 67, 69, 85, 91, 93, 97, 98, 102, 104, 105, 131, 133, 143, 145, 150, 160, 175, 178, 182, 183, 184, 186, 191, 192, 197, 203, 210, 211, 216, 218, 220, 226, 230, 236, 240, 244, 245, 256, 259, 264, 272, 279, 283, 290, 300, 313, 314, 318, 321, 322, 324, 329, 332, 337, 338, 339, 340, 342, 356, 361, 369, 380, 384, 389, 391, 392, 398, 402, 403, 404, 405, 412, 421, 422, 423, 424, 446, 448, 449, 453, 454, 455, 458, 460, 462]

t # 15
v 0 CREATE
v 1 RETURN
e 0 1 A@UF

Support: 89
where: [2, 6, 10, 12, 13, 16, 18, 20, 21, 24, 28, 37, 46, 52, 80, 88, 90, 97, 98, 99, 101, 102, 104, 105, 108, 109, 112, 116, 119, 120, 123, 129, 130, 134, 143, 145, 147, 149, 153, 155, 158, 159, 163, 165, 173, 176, 179, 198, 212, 216, 219, 227, 228, 240, 249, 261, 264, 267, 268, 276, 285, 300, 313, 314, 330, 337, 338, 343, 366, 384, 394, 402, 403, 404, 405, 406, 407, 410, 412, 423, 424, 432, 433, 440, 441, 443, 444, 455, 463]

t # 16
v 0 CALL
v 1 RETURN
e 0 1 A@UF

Support: 77
where: [9, 14, 18, 29, 37, 52, 59, 72, 97, 98, 102, 104, 105, 106, 112, 119, 123, 125, 134, 149, 153, 158, 159, 163, 165, 179, 191, 208, 216, 219, 221, 233, 240, 244, 245, 261, 264, 267, 268, 272, 275, 279, 300, 313, 314, 315, 316, 318, 319, 320, 325, 327, 330, 337, 338, 343, 352, 356, 366, 384, 398, 400, 403, 404, 406, 412, 423, 430, 432, 433, 434, 436, 439, 453, 454, 458, 460]

t # 17
v 0 MEMBER_VARIABLE
v 1 PARAMETER
e 0 1 A@UF

Support: 70
where: [256, 129, 258, 260, 388, 136, 9, 10, 265, 14, 270, 16, 271, 18, 400, 402, 404, 405, 23, 151, 152, 281, 406, 28, 29, 285, 159, 407, 408, 410, 415, 165, 421, 295, 173, 49, 305, 308, 438, 313, 186, 187, 316, 317, 63, 319, 65, 320, 325, 454, 455, 330, 458, 205, 463, 340, 218, 91, 219, 228, 356, 231, 232, 240, 373, 119, 248, 121, 123, 125]

t # 18
v 0 CALL
v 1 CALL
e 0 1 E@CF

Support: 69
where: [256, 1, 129, 131, 132, 388, 7, 264, 137, 10, 265, 141, 398, 15, 16, 17, 144, 272, 20, 21, 22, 275, 277, 25, 278, 411, 28, 29, 285, 416, 421, 39, 167, 300, 176, 177, 52, 309, 441, 187, 60, 444, 190, 63, 318, 446, 447, 195, 323, 452, 198, 455, 456, 329, 458, 337, 338, 340, 216, 93, 400, 96, 357, 102, 239, 240, 116, 248, 254]

t # 19
v 0 RETURN
v 1 RETURN
e 0 1 A@UF

Support: 69
where: [129, 2, 388, 261, 6, 134, 264, 391, 10, 267, 12, 13, 268, 394, 16, 145, 147, 20, 21, 276, 403, 405, 406, 28, 159, 165, 300, 173, 46, 430, 432, 305, 433, 52, 313, 314, 441, 444, 321, 452, 198, 455, 330, 205, 463, 337, 338, 212, 343, 350, 224, 97, 98, 225, 227, 228, 102, 353, 104, 358, 109, 366, 112, 240, 115, 116, 119, 120, 249]

t # 20
v 0 CALL
v 1 CALL
e 0 1 AE@CF

Support: 50
where: [256, 129, 388, 264, 10, 141, 16, 17, 144, 272, 275, 21, 278, 279, 400, 404, 408, 409, 28, 29, 285, 411, 416, 417, 420, 421, 39, 296, 41, 173, 431, 304, 177, 52, 187, 318, 63, 453, 198, 456, 329, 330, 331, 205, 212, 213, 216, 93, 357, 116]

t # 21
v 0 CALL
v 1 LOCAL_VARIABLE
e 0 1 A@CF

Support: 46
where: [256, 129, 384, 7, 10, 394, 12, 15, 400, 402, 275, 404, 405, 278, 279, 406, 407, 283, 28, 412, 414, 35, 166, 39, 47, 304, 177, 431, 52, 310, 439, 184, 440, 187, 63, 448, 449, 455, 205, 212, 213, 216, 349, 102, 115, 252]

t # 22
v 0 CALL
v 1 CREATE
e 0 1 A@CF

Support: 38
where: [256, 129, 384, 133, 265, 10, 394, 16, 17, 402, 275, 21, 406, 279, 407, 283, 412, 414, 417, 420, 39, 167, 425, 47, 431, 437, 439, 184, 440, 448, 449, 195, 212, 213, 93, 349, 102, 240]

t # 23
v 0 CALL
v 1 PARAMETER
e 0 1 A@CF

Support: 34
where: [256, 265, 394, 402, 275, 404, 405, 406, 279, 407, 283, 412, 285, 417, 420, 421, 166, 167, 425, 47, 304, 52, 310, 57, 187, 63, 455, 329, 458, 205, 340, 95, 102, 115]

t # 24
v 0 MEMBER_VARIABLE
v 1 RETURN
e 0 1 A@UF

Support: 31
where: [129, 265, 402, 404, 405, 406, 407, 408, 410, 28, 29, 159, 165, 305, 52, 186, 316, 317, 319, 320, 63, 321, 452, 325, 455, 205, 463, 91, 240, 115, 119]

t # 25
v 0 CALL
v 1 MEMBER_VARIABLE
e 0 1 A@UF

Support: 29
where: [136, 398, 400, 18, 404, 152, 412, 29, 159, 161, 418, 165, 421, 173, 185, 316, 319, 192, 320, 321, 325, 454, 458, 218, 219, 367, 240, 248, 125]

t # 26
v 0 CALL
v 1 RETURN
e 0 1 A@CF

Support: 25
where: [256, 384, 265, 394, 402, 275, 406, 279, 407, 283, 28, 285, 414, 39, 167, 177, 187, 63, 447, 452, 455, 205, 102, 115, 116]

t # 27
v 0 CREATE
v 1 MEMBER_VARIABLE
e 0 1 A@UF

Support: 24
where: [9, 265, 16, 404, 405, 407, 154, 155, 412, 285, 159, 165, 52, 437, 455, 329, 463, 80, 212, 213, 349, 240, 119, 123]

t # 28
v 0 CALL
v 1 CREATE
e 0 1 AE@CF

Support: 23
where: [129, 10, 399, 16, 402, 404, 405, 407, 412, 29, 417, 420, 421, 167, 296, 304, 456, 329, 330, 331, 212, 213, 93]

t # 29
v 0 ACCESS
v 1 ACCESS
e 0 1 A@CF

Support: 22
where: [256, 259, 387, 133, 264, 141, 27, 29, 421, 313, 191, 447, 66, 197, 454, 330, 203, 331, 342, 216, 368, 380]

t # 30
v 0 ACCESS
v 1 CALL
e 0 1 E@CF

Support: 22
where: [256, 133, 264, 141, 28, 29, 164, 421, 166, 177, 187, 447, 195, 454, 331, 342, 346, 349, 93, 112, 380, 252]

t # 31
v 0 CALL
v 1 LOCAL_VARIABLE
e 0 1 AE@CF

Support: 21
where: [129, 399, 400, 402, 404, 405, 407, 28, 29, 421, 296, 310, 187, 456, 330, 331, 212, 213, 93, 116, 374]

t # 32
v 0 ACCESS
v 1 LOCAL_VARIABLE
e 0 1 A@UF

Support: 21
where: [384, 391, 394, 402, 404, 405, 412, 37, 52, 440, 313, 191, 192, 453, 458, 331, 460, 212, 216, 356, 112]

t # 33
v 0 CALL
v 1 EXTENDS
e 0 1 A@CF

Support: 20
where: [256, 384, 136, 264, 16, 272, 405, 22, 29, 35, 37, 300, 337, 338, 340, 342, 216, 227, 228, 230]

t # 34
v 0 ACCESS
v 1 CALL
e 0 1 A@UF

Support: 20
where: [384, 404, 279, 283, 37, 423, 424, 300, 52, 182, 183, 313, 191, 192, 455, 458, 460, 211, 112, 244]

t # 35
v 0 ACCESS
v 1 CALL
e 0 1 AE@CF

Support: 18
where: [256, 99, 421, 264, 330, 172, 141, 60, 177, 93, 21, 308, 216, 313, 251, 28, 29, 255]

t # 36
v 0 MEMBER_VARIABLE
v 1 MEMBER_VARIABLE
e 0 1 A@UF

Support: 18
where: [321, 325, 455, 186, 265, 330, 396, 205, 463, 240, 305, 402, 340, 23, 218, 91, 285, 255]

t # 37
v 0 CALL
v 1 MEMBER_VARIABLE
e 0 1 A@CF

Support: 18
where: [407, 166, 167, 455, 265, 205, 177, 402, 115, 340, 404, 310, 405, 406, 285, 283, 93, 63]

t # 38
v 0 ACCESS
v 1 CALL
e 0 1 A@CF

Support: 17
where: [256, 384, 227, 230, 440, 264, 447, 330, 300, 272, 177, 404, 405, 342, 216, 29, 191]

t # 39
v 0 EXTENDS
v 1 EXTENDS
e 0 1 A@CF

Support: 17
where: [384, 227, 291, 37, 230, 71, 136, 261, 391, 300, 364, 366, 207, 272, 337, 245, 342]

t # 40
v 0 CALL
v 1 EXTENDS
e 0 1 A@UF

Support: 16
where: [192, 97, 98, 104, 201, 233, 109, 211, 116, 244, 182, 183, 341, 412, 279, 381]

t # 41
v 0 ACCESS
v 1 EXTENDS
e 0 1 A@CF

Support: 15
where: [256, 384, 67, 227, 37, 230, 264, 300, 207, 272, 245, 342, 405, 216, 29]

t # 42
v 0 ACCESS
v 1 PARAMETER
e 0 1 A@UF

Support: 15
where: [356, 154, 391, 394, 112, 210, 402, 52, 212, 404, 405, 186, 91, 412, 318]

t # 43
v 0 CALL
v 1 CALL
e 0 1 AE@UF

Support: 14
where: [131, 132, 357, 358, 419, 361, 173, 47, 243, 437, 440, 313, 315, 318]

t # 44
v 0 CALL
v 1 EXTENDS
e 0 1 E@CF

Support: 12
where: [256, 228, 264, 12, 300, 60, 364, 272, 337, 338, 28, 29]

t # 45
v 0 CALL
v 1 IMPLEMENTS
e 0 1 A@CF

Support: 12
where: [385, 452, 330, 458, 140, 28, 398, 239, 210, 245, 24, 188]

t # 46
v 0 ACCESS
v 1 RETURN
e 0 1 A@UF

Support: 12
where: [384, 37, 394, 458, 460, 112, 52, 313, 186, 91, 412, 191]

t # 47
v 0 LOCAL_VARIABLE
v 1 PARAMETER
e 0 1 A@CF

Support: 12
where: [256, 407, 166, 39, 455, 394, 187, 402, 310, 406, 283, 349]

t # 48
v 0 CALL
v 1 MEMBER_VARIABLE
e 0 1 AE@CF

Support: 12
where: [256, 167, 296, 329, 330, 331, 455, 456, 404, 405, 310, 93]

t # 49
v 0 CALL
v 1 MEMBER_VARIABLE
e 0 1 E@CF

Support: 11
where: [256, 131, 132, 455, 296, 458, 176, 402, 22, 25, 93]

t # 50
v 0 LOCAL_VARIABLE
v 1 RETURN
e 0 1 A@CF

Support: 11
where: [256, 455, 394, 458, 187, 402, 406, 407, 283, 28, 414]

t # 51
v 0 CALL
v 1 LOCAL_VARIABLE
e 0 1 E@CF

Support: 11
where: [256, 421, 455, 456, 458, 112, 240, 29, 187, 28, 93]

t # 52
v 0 CREATE
v 1 CREATE
e 0 1 A@CF

Support: 11
where: [133, 104, 240, 241, 402, 406, 407, 184, 349, 93, 414]

t # 53
v 0 CALL
v 1 CALL
e 0 1 E@UF

Support: 11
where: [448, 449, 389, 230, 423, 424, 211, 182, 183, 187, 316]

t # 54
v 0 CALL
v 1 EXTENDS
e 0 1 AE@CF

Support: 10
where: [256, 69, 264, 16, 21, 22, 216, 154, 28, 29]

t # 55
v 0 CREATE
v 1 MEMBER_VARIABLE
e 0 1 AE@UF

Support: 10
where: [131, 132, 329, 394, 331, 458, 397, 370, 85, 23]

t # 56
v 0 CALL
v 1 CREATE
e 0 1 E@CF

Support: 10
where: [256, 133, 421, 39, 296, 176, 240, 304, 349, 29]

t # 57
v 0 CALL
v 1 PARAMETER
e 0 1 AE@CF

Support: 10
where: [417, 420, 167, 456, 363, 331, 205, 404, 405, 187]

t # 58
v 0 LOCAL_VARIABLE
v 1 LOCAL_VARIABLE
e 0 1 A@CF

Support: 9
where: [256, 283, 402, 406, 407, 184, 187, 28, 414]

t # 59
v 0 EXTENDS
v 1 LOCAL_VARIABLE
e 0 1 A@CF

Support: 9
where: [384, 35, 37, 429, 305, 212, 340, 405, 410]

t # 60
v 0 PARAMETER
v 1 RETURN
e 0 1 A@CF

Support: 9
where: [256, 167, 39, 455, 394, 402, 406, 407, 187]

t # 61
v 0 CREATE
v 1 PARAMETER
e 0 1 A@CF

Support: 9
where: [256, 167, 39, 368, 370, 402, 406, 407, 349]

t # 62
v 0 EXTENDS
v 1 EXTENDS
e 0 1 A@UF

Support: 9
where: [192, 104, 109, 463, 211, 116, 279, 412, 446]

t # 63
v 0 CREATE
v 1 LOCAL_VARIABLE
e 0 1 A@CF

Support: 9
where: [256, 240, 402, 406, 407, 184, 283, 349, 414]

t # 64
v 0 LOCAL_VARIABLE
v 1 MEMBER_VARIABLE
e 0 1 A@CF

Support: 8
where: [407, 166, 455, 394, 402, 310, 406, 283]

t # 65
v 0 ACCESS
v 1 EXTENDS
e 0 1 A@UF

Support: 8
where: [192, 321, 211, 244, 182, 183, 279, 446]

t # 66
v 0 ACCESS
v 1 LOCAL_VARIABLE
e 0 1 A@CF

Support: 8
where: [447, 394, 331, 308, 440, 283, 349, 191]

t # 67
v 0 ACCESS
v 1 LOCAL_VARIABLE
e 0 1 E@CF

Support: 7
where: [256, 421, 166, 29, 187, 28, 93]

t # 68
v 0 CREATE
v 1 LOCAL_VARIABLE
e 0 1 AE@CF

Support: 7
where: [456, 330, 331, 458, 29, 402, 93]

t # 69
v 0 CALL
v 1 PARAMETER
e 0 1 E@CF

Support: 7
where: [256, 167, 39, 456, 402, 187, 349]

t # 70
v 0 ACCESS
v 1 MEMBER_VARIABLE
e 0 1 A@UF

Support: 7
where: [192, 356, 212, 404, 405, 186, 91]

t # 71
v 0 IMPLEMENTS
v 1 MEMBER_VARIABLE
e 0 1 A@UF

Support: 7
where: [96, 396, 367, 336, 406, 442, 347]

t # 72
v 0 LOCAL_VARIABLE
v 1 MEMBER_VARIABLE
e 0 1 AE@UF

Support: 7
where: [166, 394, 458, 397, 398, 282, 317]

t # 73
v 0 MEMBER_VARIABLE
v 1 PARAMETER
e 0 1 AE@CF

Support: 7
where: [256, 167, 328, 455, 394, 456, 310]

t # 74
v 0 CALL
v 1 RETURN
e 0 1 AE@CF

Support: 7
where: [455, 296, 167, 456, 458, 404, 405]

t # 75
v 0 ACCESS
v 1 CREATE
e 0 1 AE@CF

Support: 6
where: [421, 330, 29, 251, 60, 93]

t # 76
v 0 ACCESS
v 1 CREATE
e 0 1 A@UF

Support: 6
where: [192, 384, 37, 391, 394, 313]

t # 77
v 0 LOCAL_VARIABLE
v 1 MEMBER_VARIABLE
e 0 1 AE@CF

Support: 6
where: [166, 456, 330, 394, 310, 93]

t # 78
v 0 EXTENDS
v 1 PARAMETER
e 0 1 A@CF

Support: 6
where: [429, 305, 212, 405, 340, 410]

t # 79
v 0 CREATE
v 1 RETURN
e 0 1 A@CF

Support: 6
where: [256, 240, 402, 406, 407, 414]

t # 80
v 0 CREATE
v 1 CREATE
e 0 1 E@CF

Support: 5
where: [296, 458, 330, 176, 29]

t # 81
v 0 CALL
v 1 CLONE
e 0 1 EC@CF

Support: 5
where: [256, 421, 51, 380, 349]

t # 82
v 0 EXTENDS
v 1 LOCAL_VARIABLE
e 0 1 A@UF

Support: 5
where: [192, 83, 341, 123, 381]

t # 83
v 0 CREATE
v 1 MEMBER_VARIABLE
e 0 1 A@CF

Support: 5
where: [368, 402, 406, 407, 93]

t # 84
v 0 PARAMETER
v 1 RETURN
e 0 1 AE@CF

Support: 5
where: [455, 456, 167, 394, 402]

t # 85
v 0 PARAMETER
v 1 PARAMETER
e 0 1 A@CF

Support: 5
where: [256, 167, 394, 310, 187]

t # 86
v 0 CREATE
v 1 PARAMETER
e 0 1 AE@CF

Support: 5
where: [167, 456, 394, 331, 370]

t # 87
v 0 MEMBER_VARIABLE
v 1 PARAMETER
e 0 1 A@CF

Support: 5
where: [455, 167, 394, 406, 310]

t # 88
v 0 IMPLEMENTS
v 1 IMPLEMENTS
e 0 1 A@CF

Support: 5
where: [452, 330, 239, 176, 401]

t # 89
v 0 EXTENDS
v 1 MEMBER_VARIABLE
e 0 1 A@CF

Support: 5
where: [305, 212, 405, 340, 410]

t # 90
v 0 ACCESS
v 1 CREATE
e 0 1 A@CF

Support: 5
where: [394, 368, 283, 349, 447]

t # 91
v 0 CREATE
v 1 IMPLEMENTS
e 0 1 AE@CF

Support: 4
where: [24, 458, 28, 176]

t # 92
v 0 CALL
v 1 RETURN
e 0 1 E@CF

Support: 4
where: [240, 256, 456, 39]

t # 93
v 0 CREATE
v 1 MEMBER_VARIABLE
e 0 1 AE@CF

Support: 4
where: [330, 331, 93, 394]

t # 94
v 0 CALL
v 1 MEMBER_VARIABLE
e 0 1 AE@UF

Support: 4
where: [131, 132, 317, 398]

t # 95
v 0 IMPLEMENTS
v 1 RETURN
e 0 1 A@UF

Support: 4
where: [240, 140, 261, 406]

t # 96
v 0 MEMBER_VARIABLE
v 1 PARAMETER
e 0 1 AE@UF

Support: 4
where: [328, 394, 397, 167]

t # 97
v 0 IMPLEMENTS
v 1 LOCAL_VARIABLE
e 0 1 A@UF

Support: 4
where: [240, 433, 406, 432]

t # 98
v 0 ACCESS
v 1 LOCAL_VARIABLE
e 0 1 AE@CF

Support: 4
where: [330, 251, 421, 255]

t # 99
v 0 LOCAL_VARIABLE
v 1 MEMBER_VARIABLE
e 0 1 E@CF

Support: 4
where: [256, 458, 296, 455]

t # 100
v 0 ACCESS
v 1 PARAMETER
e 0 1 A@CF

Support: 4
where: [368, 394, 283, 308]

t # 101
v 0 MEMBER_VARIABLE
v 1 RETURN
e 0 1 A@CF

Support: 4
where: [407, 394, 406, 402]

t # 102
v 0 IMPLEMENTS
v 1 LOCAL_VARIABLE
e 0 1 A@CF

Support: 3
where: [24, 28, 117]

t # 103
v 0 IMPLEMENTS
v 1 RETURN
e 0 1 AE@CF

Support: 3
where: [24, 458, 28]

t # 104
v 0 EXTENDS
v 1 LOCAL_VARIABLE
e 0 1 E@CF

Support: 3
where: [256, 28, 29]

t # 105
v 0 ACCESS
v 1 EXTENDS
e 0 1 E@CF

Support: 3
where: [346, 29, 342]

t # 106
v 0 EXTENDS
v 1 RETURN
e 0 1 A@CF

Support: 3
where: [384, 305, 37]

t # 107
v 0 CALL
v 1 LOCAL_VARIABLE
e 0 1 AE@UF

Support: 3
where: [288, 440, 47]

t # 108
v 0 CALL
v 1 CREATE
e 0 1 AE@UF

Support: 3
where: [131, 132, 47]

t # 109
v 0 ACCESS
v 1 MEMBER_VARIABLE
e 0 1 AE@CF

Support: 3
where: [251, 93, 255]

t # 110
v 0 ACCESS
v 1 CREATE
e 0 1 E@CF

Support: 3
where: [256, 133, 421]

t # 111
v 0 LOCAL_VARIABLE
v 1 RETURN
e 0 1 AE@CF

Support: 3
where: [456, 394, 166]

t # 112
v 0 LOCAL_VARIABLE
v 1 PARAMETER
e 0 1 AE@CF

Support: 3
where: [456, 394, 166]

t # 113
v 0 PARAMETER
v 1 PARAMETER
e 0 1 AE@CF

Support: 3
where: [456, 394, 167]

t # 114
v 0 ACCESS
v 1 RETURN
e 0 1 A@CF

Support: 3
where: [394, 283, 191]

t # 115
v 0 ACCESS
v 1 MEMBER_VARIABLE
e 0 1 A@CF

Support: 3
where: [368, 330, 283]

t # 116
v 0 MEMBER_VARIABLE
v 1 RETURN
e 0 1 AE@UF

Support: 3
where: [394, 317, 397]

t # 117
v 0 CREATE
v 1 CREATE
e 0 1 AE@CF

Support: 3
where: [330, 331, 402]

t # 118
v 0 EXTENDS
v 1 PARAMETER
e 0 1 A@UF

Support: 3
where: [354, 341, 463]

t # 119
v 0 ACCESS
v 1 CLONE
e 0 1 EC@CF

Support: 3
where: [380, 349, 421]

t # 120
v 0 MEMBER_VARIABLE
v 1 RETURN
e 0 1 AE@CF

Support: 3
where: [456, 394, 402]

t # 121
v 0 LOCAL_VARIABLE
v 1 LOCAL_VARIABLE
e 0 1 AE@CF

Support: 3
where: [456, 458, 402]

t # 122
v 0 CALL
v 1 CLONE
e 0 1 AC@CF

Support: 3
where: [441, 444, 421]

t # 123
v 0 EXTENDS
v 1 MEMBER_VARIABLE
e 0 1 AE@CF

Support: 2
where: [429, 22]

t # 124
v 0 CREATE
v 1 EXTENDS
e 0 1 AE@CF

Support: 2
where: [136, 29]

t # 125
v 0 ACCESS
v 1 ACCESS
e 0 1 E@CF

Support: 2
where: [203, 29]

t # 126
v 0 CREATE
v 1 EXTENDS
e 0 1 A@CF

Support: 2
where: [384, 37]

t # 127
v 0 EXTENDS
v 1 EXTENDS
e 0 1 AE@CF

Support: 2
where: [216, 69]

t # 128
v 0 EXTENDS
v 1 MEMBER_VARIABLE
e 0 1 A@UF

Support: 2
where: [192, 83]

t # 129
v 0 MEMBER_VARIABLE
v 1 MEMBER_VARIABLE
e 0 1 AE@CF

Support: 2
where: [456, 93]

t # 130
v 0 ACCESS
v 1 MEMBER_VARIABLE
e 0 1 E@CF

Support: 2
where: [256, 93]

t # 131
v 0 CALL
v 1 PARAMETER
e 0 1 AE@UF

Support: 2
where: [131, 132]

t # 132
v 0 CREATE
v 1 LOCAL_VARIABLE
e 0 1 E@CF

Support: 2
where: [136, 296]

t # 133
v 0 EXTENDS
v 1 LOCAL_VARIABLE
e 0 1 AE@CF

Support: 2
where: [136, 429]

t # 134
v 0 MEMBER_VARIABLE
v 1 MEMBER_VARIABLE
e 0 1 E@CF

Support: 2
where: [176, 296]

t # 135
v 0 CALL
v 1 IMPLEMENTS
e 0 1 AE@CF

Support: 2
where: [176, 228]

t # 136
v 0 CREATE
v 1 MEMBER_VARIABLE
e 0 1 E@CF

Support: 2
where: [176, 296]

t # 137
v 0 ACCESS
v 1 PARAMETER
e 0 1 E@CF

Support: 2
where: [256, 187]

t # 138
v 0 IMPLEMENTS
v 1 MEMBER_VARIABLE
e 0 1 A@CF

Support: 2
where: [330, 188]

t # 139
v 0 IMPLEMENTS
v 1 PARAMETER
e 0 1 A@CF

Support: 2
where: [452, 188]

t # 140
v 0 ACCESS
v 1 ACCESS
e 0 1 AE@CF

Support: 2
where: [216, 255]

t # 141
v 0 EXTENDS
v 1 IMPLEMENTS
e 0 1 AE@CF

Support: 2
where: [228, 245]

t # 142
v 0 ACCESS
v 1 PARAMETER
e 0 1 AE@CF

Support: 2
where: [421, 255]

t # 143
v 0 CLONE
v 1 LOCAL_VARIABLE
e 0 1 EC@CF

Support: 2
where: [256, 421]

t # 144
v 0 CLONE
v 1 PARAMETER
e 0 1 EC@CF

Support: 2
where: [256, 349]

t # 145
v 0 RETURN
v 1 RETURN
e 0 1 A@CF

Support: 2
where: [256, 414]

t # 146
v 0 MEMBER_VARIABLE
v 1 RETURN
e 0 1 E@CF

Support: 2
where: [256, 296]

t # 147
v 0 CREATE
v 1 RETURN
e 0 1 E@CF

Support: 2
where: [296, 458]

t # 148
v 0 LOCAL_VARIABLE
v 1 LOCAL_VARIABLE
e 0 1 E@CF

Support: 2
where: [310, 455]

t # 149
v 0 CLONE
v 1 CREATE
e 0 1 EC@CF

Support: 2
where: [349, 421]

t # 150
v 0 CREATE
v 1 RETURN
e 0 1 AE@CF

Support: 2
where: [456, 394]

t # 151
v 0 MEMBER_VARIABLE
v 1 MEMBER_VARIABLE
e 0 1 A@CF

Support: 2
where: [394, 406]

t # 152
v 0 RETURN
v 1 RETURN
e 0 1 AE@CF

Support: 2
where: [456, 394]

t # 153
v 0 CREATE
v 1 EXTENDS
e 0 1 AE@UF

Support: 2
where: [450, 405]

t # 154
v 0 EXTENDS
v 1 PARAMETER
e 0 1 AE@UF

Support: 2
where: [450, 405]

t # 155
v 0 IMPLEMENTS
v 1 RETURN
e 0 1 A@CF

Support: 2
where: [458, 452]

t # -1